a 32 -12 -11 -10 -9 -8 -7 -6 0
a 32 -12 -11 -10 -9 -8 -7 6 0
a 32 -12 -11 -10 -9 -8 7 -6 0
a 32 -12 -11 -10 -9 -8 7 6 0
a 32 -12 -11 -10 -9 8 -7 -6 0
a 32 -12 -11 -10 -9 8 -7 6 0
a 32 -12 -11 -10 -9 8 7 -6 0
a 32 -12 -11 -10 -9 8 7 6 0
a 32 -12 -11 -10 9 -8 -7 -6 0
a 32 -12 -11 -10 9 -8 -7 6 0
a 32 -12 -11 -10 9 -8 7 -6 0
a 32 -12 -11 -10 9 -8 7 6 0
a 32 -12 -11 -10 9 8 -7 -3 0
a 32 -12 -11 -10 9 8 -7 3 0
a 32 -12 -11 -10 9 8 7 -3 0
a 32 -12 -11 -10 9 8 7 3 0
a 32 -12 -11 10 -9 -8 -7 -6 0
a 32 -12 -11 10 -9 -8 -7 6 0
a 32 -12 -11 10 -9 -8 7 -2002 0
a 32 -12 -11 10 -9 -8 7 2002 0
a 32 -12 -11 10 -9 8 -7 -6 0
a 32 -12 -11 10 -9 8 -7 6 0
a 32 -12 -11 10 -9 8 7 -6 0
a 32 -12 -11 10 -9 8 7 6 0
a 32 -12 -11 10 9 -8 -3 -4 0
a 32 -12 -11 10 9 -8 -3 4 0
a 32 -12 -11 10 9 -8 3 -4 0
a 32 -12 -11 10 9 -8 3 4 0
a 32 -12 -11 10 9 8 -3 -4 0
a 32 -12 -11 10 9 8 -3 4 0
a 32 -12 -11 10 9 8 3 -4 0
a 32 -12 -11 10 9 8 3 4 0
a 32 -12 11 -10 -9 -8 -7 -6 0
a 32 -12 11 -10 -9 -8 -7 6 0
a 32 -12 11 -10 -9 -8 7 -2002 0
a 32 -12 11 -10 -9 -8 7 2002 0
a 32 -12 11 -10 -9 8 -2013 -6 0
a 32 -12 11 -10 -9 8 -2013 6 0
a 32 -12 11 -10 -9 8 2013 -6 0
a 32 -12 11 -10 -9 8 2013 6 0
a 32 -12 11 -10 9 -8 -7 -3 0
a 32 -12 11 -10 9 -8 -7 3 0
a 32 -12 11 -10 9 -8 7 -6 0
a 32 -12 11 -10 9 -8 7 6 0
a 32 -12 11 -10 9 8 -7 -3 0
a 32 -12 11 -10 9 8 -7 3 0
a 32 -12 11 -10 9 8 7 -3 0
a 32 -12 11 -10 9 8 7 3 0
a 32 -12 11 10 -9 -3 -4 -8 0
a 32 -12 11 10 -9 -3 -4 8 0
a 32 -12 11 10 -9 -3 4 -5 0
a 32 -12 11 10 -9 -3 4 5 0
a 32 -12 11 10 -9 3 -4 -5 0
a 32 -12 11 10 -9 3 -4 5 0
a 32 -12 11 10 -9 3 4 -5 0
a 32 -12 11 10 -9 3 4 5 0
a 32 -12 11 10 9 -2067 -8 -7 0
a 32 -12 11 10 9 -2067 -8 7 0
a 32 -12 11 10 9 -2067 8 -7 0
a 32 -12 11 10 9 -2067 8 7 0
a 32 -12 11 10 9 2067 -3 -4 0
a 32 -12 11 10 9 2067 -3 4 0
a 32 -12 11 10 9 2067 3 -4 0
a 32 -12 11 10 9 2067 3 4 0
a 32 12 -11 -10 -9 -8 -7 -6 0
a 32 12 -11 -10 -9 -8 -7 6 0
a 32 12 -11 -10 -9 -8 7 -6 0
a 32 12 -11 -10 -9 -8 7 6 0
a 32 12 -11 -10 -9 8 -2013 -6 0
a 32 12 -11 -10 -9 8 -2013 6 0
a 32 12 -11 -10 -9 8 2013 -6 0
a 32 12 -11 -10 -9 8 2013 6 0
a 32 12 -11 -10 9 -2024 -7 -6 0
a 32 12 -11 -10 9 -2024 -7 6 0
a 32 12 -11 -10 9 -2024 7 -6 0
a 32 12 -11 -10 9 -2024 7 6 0
a 32 12 -11 -10 9 2024 -7 -15 0
a 32 12 -11 -10 9 2024 -7 15 0
a 32 12 -11 -10 9 2024 7 -15 0
a 32 12 -11 -10 9 2024 7 15 0
a 32 12 -11 10 -9 -8 -3 -4 0
a 32 12 -11 10 -9 -8 -3 4 0
a 32 12 -11 10 -9 -8 3 -4 0
a 32 12 -11 10 -9 -8 3 4 0
a 32 12 -11 10 -9 8 -7 -6 0
a 32 12 -11 10 -9 8 -7 6 0
a 32 12 -11 10 -9 8 7 -15 0
a 32 12 -11 10 -9 8 7 15 0
a 32 12 -11 10 9 -8 -3 -4 0
a 32 12 -11 10 9 -8 -3 4 0
a 32 12 -11 10 9 -8 3 -15 0
a 32 12 -11 10 9 -8 3 15 0
a 32 12 -11 10 9 8 -15 -7 0
a 32 12 -11 10 9 8 -15 7 0
a 32 12 -11 10 9 8 15 -3 0
a 32 12 -11 10 9 8 15 3 0
a 32 12 11 -15 -3 -4 -5 -6 0
a 32 12 11 -15 -3 -4 -5 6 0
a 32 12 11 -15 -3 -4 5 -6 0
a 32 12 11 -15 -3 -4 5 6 0
a 32 12 11 -15 -3 4 -5 92 0
a 32 12 11 -15 -3 4 -5 -92 0
a 32 12 11 -15 -3 4 5 -16 0
a 32 12 11 -15 -3 4 5 16 0
a 32 12 11 -15 3 -4 -5 -6 0
a 32 12 11 -15 3 -4 -5 6 0
a 32 12 11 -15 3 -4 5 -6 0
a 32 12 11 -15 3 -4 5 6 0
a 32 12 11 -15 3 4 -5 92 0
a 32 12 11 -15 3 4 -5 -92 0
a 32 12 11 -15 3 4 5 -6 0
a 32 12 11 -15 3 4 5 6 0
a 32 12 11 15 -10 -3 -4 -5 0
a 32 12 11 15 -10 -3 -4 5 0
a 32 12 11 15 -10 -3 4 -5 0
a 32 12 11 15 -10 -3 4 5 0
a 32 12 11 15 -10 3 1979 -5 0
a 32 12 11 15 -10 3 1979 5 0
a 32 12 11 15 -10 3 -1979 -5 0
a 32 12 11 15 -10 3 -1979 5 0
a 32 12 11 15 10 -3 -4 -5 0
a 32 12 11 15 10 -3 -4 5 0
a 32 12 11 15 10 -3 4 -5 0
a 32 12 11 15 10 -3 4 5 0
a 32 12 11 15 10 3 -4 -5 0
a 32 12 11 15 10 3 -4 5 0
a 32 12 11 15 10 3 4 -5 0
a 32 12 11 15 10 3 4 5 0
a -32 -41 -12 -11 -10 -9 -8 -7 0
a -32 -41 -12 -11 -10 -9 -8 7 0
a -32 -41 -12 -11 -10 -9 8 -7 0
a -32 -41 -12 -11 -10 -9 8 7 0
a -32 -41 -12 -11 -10 9 -8 -7 0
a -32 -41 -12 -11 -10 9 -8 7 0
a -32 -41 -12 -11 -10 9 8 -7 0
a -32 -41 -12 -11 -10 9 8 7 0
a -32 -41 -12 -11 10 -9 -8 -7 0
a -32 -41 -12 -11 10 -9 -8 7 0
a -32 -41 -12 -11 10 -9 8 -7 0
a -32 -41 -12 -11 10 -9 8 7 0
a -32 -41 -12 -11 10 9 -8 -7 0
a -32 -41 -12 -11 10 9 -8 7 0
a -32 -41 -12 -11 10 9 8 -4 0
a -32 -41 -12 -11 10 9 8 4 0
a -32 -41 -12 11 -10 -9 -8 -7 0
a -32 -41 -12 11 -10 -9 -8 7 0
a -32 -41 -12 11 -10 -9 8 -2013 0
a -32 -41 -12 11 -10 -9 8 2013 0
a -32 -41 -12 11 -10 9 -8 -7 0
a -32 -41 -12 11 -10 9 -8 7 0
a -32 -41 -12 11 -10 9 8 -7 0
a -32 -41 -12 11 -10 9 8 7 0
a -32 -41 -12 11 10 -9 -8 -4 0
a -32 -41 -12 11 10 -9 -8 4 0
a -32 -41 -12 11 10 -9 8 -7 0
a -32 -41 -12 11 10 -9 8 7 0
a -32 -41 -12 11 10 9 -4 -5 0
a -32 -41 -12 11 10 9 -4 5 0
a -32 -41 -12 11 10 9 4 -5 0
a -32 -41 -12 11 10 9 4 5 0
a -32 -41 12 -11 -10 -9 -8 -7 0
a -32 -41 12 -11 -10 -9 -8 7 0
a -32 -41 12 -11 -10 -9 8 -2013 0
a -32 -41 12 -11 -10 -9 8 2013 0
a -32 -41 12 -11 -10 9 -2024 -7 0
a -32 -41 12 -11 -10 9 -2024 7 0
a -32 -41 12 -11 -10 9 2024 -4 0
a -32 -41 12 -11 -10 9 2024 4 0
a -32 -41 12 -11 10 -9 -8 -4 0
a -32 -41 12 -11 10 -9 -8 4 0
a -32 -41 12 -11 10 -9 8 -7 0
a -32 -41 12 -11 10 -9 8 7 0
a -32 -41 12 -11 10 9 -8 -4 0
a -32 -41 12 -11 10 9 -8 4 0
a -32 -41 12 -11 10 9 8 -4 0
a -32 -41 12 -11 10 9 8 4 0
a -32 -41 12 11 -10 -9 -4 -5 0
a -32 -41 12 11 -10 -9 -4 5 0
a -32 -41 12 11 -10 -9 4 -5 0
a -32 -41 12 11 -10 -9 4 5 0
a -32 -41 12 11 -10 9 -8 -1845 0
a -32 -41 12 11 -10 9 -8 1845 0
a -32 -41 12 11 -10 9 8 -7 0
a -32 -41 12 11 -10 9 8 7 0
a -32 -41 12 11 10 -1845 -9 -8 0
a -32 -41 12 11 10 -1845 -9 8 0
a -32 -41 12 11 10 -1845 9 -8 0
a -32 -41 12 11 10 -1845 9 8 0
a -32 -41 12 11 10 1845 -4 -5 0
a -32 -41 12 11 10 1845 -4 5 0
a -32 -41 12 11 10 1845 4 -9 0
a -32 -41 12 11 10 1845 4 9 0
a -32 41 -58 -12 -11 -10 -9 -8 0
a -32 41 -58 -12 -11 -10 -9 8 0
a -32 41 -58 -12 -11 -10 9 -8 0
a -32 41 -58 -12 -11 -10 9 8 0
a -32 41 -58 -12 -11 10 -9 -5 0
a -32 41 -58 -12 -11 10 -9 5 0
a -32 41 -58 -12 -11 10 9 -8 0
a -32 41 -58 -12 -11 10 9 8 0
a -32 41 -58 -12 11 -10 -5 -6 0
a -32 41 -58 -12 11 -10 -5 6 0
a -32 41 -58 -12 11 -10 5 -6 0
a -32 41 -58 -12 11 -10 5 6 0
a -32 41 -58 -12 11 10 -9 -5 0
a -32 41 -58 -12 11 10 -9 5 0
a -32 41 -58 -12 11 10 9 -5 0
a -32 41 -58 -12 11 10 9 5 0
a -32 41 -58 12 -11 -5 -6 -10 0
a -32 41 -58 12 -11 -5 -6 10 0
a -32 41 -58 12 -11 -5 6 -7 0
a -32 41 -58 12 -11 -5 6 7 0
a -32 41 -58 12 -11 5 -6 109 0
a -32 41 -58 12 -11 5 -6 -109 0
a -32 41 -58 12 -11 5 6 -7 0
a -32 41 -58 12 -11 5 6 7 0
a -32 41 -58 12 11 -10 -5 -6 0
a -32 41 -58 12 11 -10 -5 6 0
a -32 41 -58 12 11 -10 5 -15 0
a -32 41 -58 12 11 -10 5 15 0
a -32 41 -58 12 11 10 -15 -9 0
a -32 41 -58 12 11 10 -15 9 0
a -32 41 -58 12 11 10 15 -5 0
a -32 41 -58 12 11 10 15 5 0
a -32 41 58 -75 2 -12 -11 -10 0
a -32 41 58 -75 2 -12 -11 10 0
a -32 41 58 -75 2 -12 11 -10 0
a -32 41 58 -75 2 -12 11 10 0
a -32 41 58 -75 2 12 -11 -6 0
a -32 41 58 -75 2 12 -11 6 0
a -32 41 58 -75 2 12 11 -10 0
a -32 41 58 -75 2 12 11 10 0
a -32 41 58 -75 -2 -12 -11 -10 0
a -32 41 58 -75 -2 -12 -11 10 0
a -32 41 58 -75 -2 -12 11 -10 0
a -32 41 58 -75 -2 -12 11 10 0
a -32 41 58 -75 -2 12 -11 -10 0
a -32 41 58 -75 -2 12 -11 10 0
a -32 41 58 -75 -2 12 11 -10 0
a -32 41 58 -75 -2 12 11 10 0
a -32 41 58 75 -92 2 -12 -11 0
a -32 41 58 75 -92 2 -12 11 0
a -32 41 58 75 -92 2 12 -11 0
a -32 41 58 75 -92 2 12 11 0
a -32 41 58 75 -92 -2 -12 63 0
a -32 41 58 75 -92 -2 -12 -63 0
a -32 41 58 75 -92 -2 12 -11 0
a -32 41 58 75 -92 -2 12 11 0
a -32 41 58 75 92 -109 2 -12 0
a -32 41 58 75 92 -109 2 12 0
a -32 41 58 75 92 -109 -2 3 0
a -32 41 58 75 92 -109 -2 -3 0
a -32 41 58 75 92 109 -126 2 0
a -32 41 58 75 92 109 -126 -2 0
a -32 41 58 75 92 109 126 -143 0
a -32 41 58 75 92 109 126 143 0
