a 1555 -12 -11 -10 -9 -8 -7 -6 0
a 1555 -12 -11 -10 -9 -8 -7 6 0
a 1555 -12 -11 -10 -9 -8 7 -4 0
a 1555 -12 -11 -10 -9 -8 7 4 0
a 1555 -12 -11 -10 -9 8 -4 -3 0
a 1555 -12 -11 -10 -9 8 -4 3 0
a 1555 -12 -11 -10 -9 8 4 -3 0
a 1555 -12 -11 -10 -9 8 4 3 0
a 1555 -12 -11 -10 9 -4 -3 -6 0
a 1555 -12 -11 -10 9 -4 -3 6 0
a 1555 -12 -11 -10 9 -4 3 -5 0
a 1555 -12 -11 -10 9 -4 3 5 0
a 1555 -12 -11 -10 9 4 -3 -8 0
a 1555 -12 -11 -10 9 4 -3 8 0
a 1555 -12 -11 -10 9 4 3 1553 0
a 1555 -12 -11 -10 9 4 3 -1553 0
a 1555 -12 -11 10 -4 -3 -6 -7 0
a 1555 -12 -11 10 -4 -3 -6 7 0
a 1555 -12 -11 10 -4 -3 6 -5 0
a 1555 -12 -11 10 -4 -3 6 5 0
a 1555 -12 -11 10 -4 3 -34 -9 0
a 1555 -12 -11 10 -4 3 -34 9 0
a 1555 -12 -11 10 -4 3 34 -5 0
a 1555 -12 -11 10 -4 3 34 5 0
a 1555 -12 -11 10 4 -3 -9 -8 0
a 1555 -12 -11 10 4 -3 -9 8 0
a 1555 -12 -11 10 4 -3 9 -33 0
a 1555 -12 -11 10 4 -3 9 33 0
a 1555 -12 -11 10 4 3 -34 -5 0
a 1555 -12 -11 10 4 3 -34 5 0
a 1555 -12 -11 10 4 3 34 -5 0
a 1555 -12 -11 10 4 3 34 5 0
a 1555 -12 11 -4 -3 -6 -7 -5 0
a 1555 -12 11 -4 -3 -6 -7 5 0
a 1555 -12 11 -4 -3 -6 7 -5 0
a 1555 -12 11 -4 -3 -6 7 5 0
a 1555 -12 11 -4 -3 6 -5 -7 0
a 1555 -12 11 -4 -3 6 -5 7 0
a 1555 -12 11 -4 -3 6 5 1604 0
a 1555 -12 11 -4 -3 6 5 -1604 0
a 1555 -12 11 -4 3 -35 -10 -6 0
a 1555 -12 11 -4 3 -35 -10 6 0
a 1555 -12 11 -4 3 -35 10 1677 0
a 1555 -12 11 -4 3 -35 10 -1677 0
a 1555 -12 11 -4 3 35 1587 -10 0
a 1555 -12 11 -4 3 35 1587 10 0
a 1555 -12 11 -4 3 35 -1587 -7 0
a 1555 -12 11 -4 3 35 -1587 7 0
a 1555 -12 11 4 -35 -3 -10 -9 0
a 1555 -12 11 4 -35 -3 -10 9 0
a 1555 -12 11 4 -35 -3 10 -9 0
a 1555 -12 11 4 -35 -3 10 9 0
a 1555 -12 11 4 -35 3 -16 1097 0
a 1555 -12 11 4 -35 3 -16 -1097 0
a 1555 -12 11 4 -35 3 16 -15 0
a 1555 -12 11 4 -35 3 16 15 0
a 1555 -12 11 4 35 -3 -5 -10 0
a 1555 -12 11 4 35 -3 -5 10 0
a 1555 -12 11 4 35 -3 5 -7 0
a 1555 -12 11 4 35 -3 5 7 0
a 1555 -12 11 4 35 3 -5 1604 0
a 1555 -12 11 4 35 3 -5 -1604 0
a 1555 -12 11 4 35 3 5 -6 0
a 1555 -12 11 4 35 3 5 6 0
a 1555 12 -4 -3 -6 -7 -5 -9 0
a 1555 12 -4 -3 -6 -7 -5 9 0
a 1555 12 -4 -3 -6 -7 5 -9 0
a 1555 12 -4 -3 -6 -7 5 9 0
a 1555 12 -4 -3 -6 7 -5 -8 0
a 1555 12 -4 -3 -6 7 -5 8 0
a 1555 12 -4 -3 -6 7 5 -8 0
a 1555 12 -4 -3 -6 7 5 8 0
a 1555 12 -4 -3 6 -5 -7 -9 0
a 1555 12 -4 -3 6 -5 -7 9 0
a 1555 12 -4 -3 6 -5 7 -8 0
a 1555 12 -4 -3 6 -5 7 8 0
a 1555 12 -4 -3 6 5 1604 -15 0
a 1555 12 -4 -3 6 5 1604 15 0
a 1555 12 -4 -3 6 5 -1604 -8 0
a 1555 12 -4 -3 6 5 -1604 8 0
a 1555 12 -4 3 -36 -11 -10 -9 0
a 1555 12 -4 3 -36 -11 -10 9 0
a 1555 12 -4 3 -36 -11 10 1677 0
a 1555 12 -4 3 -36 -11 10 -1677 0
a 1555 12 -4 3 -36 11 -10 -15 0
a 1555 12 -4 3 -36 11 -10 15 0
a 1555 12 -4 3 -36 11 10 -15 0
a 1555 12 -4 3 -36 11 10 15 0
a 1555 12 -4 3 36 1587 -11 -6 0
a 1555 12 -4 3 36 1587 -11 6 0
a 1555 12 -4 3 36 1587 11 -6 0
a 1555 12 -4 3 36 1587 11 6 0
a 1555 12 -4 3 36 -1587 -7 -6 0
a 1555 12 -4 3 36 -1587 -7 6 0
a 1555 12 -4 3 36 -1587 7 -9 0
a 1555 12 -4 3 36 -1587 7 9 0
a 1555 12 4 -36 -3 -11 -10 -9 0
a 1555 12 4 -36 -3 -11 -10 9 0
a 1555 12 4 -36 -3 -11 10 -9 0
a 1555 12 4 -36 -3 -11 10 9 0
a 1555 12 4 -36 -3 11 -17 -16 0
a 1555 12 4 -36 -3 11 -17 16 0
a 1555 12 4 -36 -3 11 17 -10 0
a 1555 12 4 -36 -3 11 17 10 0
a 1555 12 4 -36 3 -15 -16 641 0
a 1555 12 4 -36 3 -15 -16 -641 0
a 1555 12 4 -36 3 -15 16 -17 0
a 1555 12 4 -36 3 -15 16 17 0
a 1555 12 4 -36 3 15 -5 1775 0
a 1555 12 4 -36 3 15 -5 -1775 0
a 1555 12 4 -36 3 15 5 -16 0
a 1555 12 4 -36 3 15 5 16 0
a 1555 12 4 36 -3 -5 -11 1553 0
a 1555 12 4 36 -3 -5 -11 -1553 0
a 1555 12 4 36 -3 -5 11 -15 0
a 1555 12 4 36 -3 -5 11 15 0
a 1555 12 4 36 -3 5 -7 -6 0
a 1555 12 4 36 -3 5 -7 6 0
a 1555 12 4 36 -3 5 7 -6 0
a 1555 12 4 36 -3 5 7 6 0
a 1555 12 4 36 3 -5 1604 -7 0
a 1555 12 4 36 3 -5 1604 7 0
a 1555 12 4 36 3 -5 -1604 -8 0
a 1555 12 4 36 3 -5 -1604 8 0
a 1555 12 4 36 3 5 -15 -16 0
a 1555 12 4 36 3 5 -15 16 0
a 1555 12 4 36 3 5 15 -6 0
a 1555 12 4 36 3 5 15 6 0
a -1555 2 -15 -21 -134 -3014 -24 -2534 0
a -1555 2 -15 -21 -134 -3014 -24 2534 0
a -1555 2 -15 -21 -134 -3014 24 -2534 0
a -1555 2 -15 -21 -134 -3014 24 2534 0
a -1555 2 -15 -21 -134 3014 -2534 -24 0
a -1555 2 -15 -21 -134 3014 -2534 24 0
a -1555 2 -15 -21 -134 3014 2534 -24 0
a -1555 2 -15 -21 -134 3014 2534 24 0
a -1555 2 -15 -21 134 -2214 -98 -2534 0
a -1555 2 -15 -21 134 -2214 -98 2534 0
a -1555 2 -15 -21 134 -2214 98 -2534 0
a -1555 2 -15 -21 134 -2214 98 2534 0
a -1555 2 -15 -21 134 2214 -1894 -17 0
a -1555 2 -15 -21 134 2214 -1894 17 0
a -1555 2 -15 -21 134 2214 1894 -2534 0
a -1555 2 -15 -21 134 2214 1894 2534 0
a -1555 2 -15 21 -10 -11 -4 -5 0
a -1555 2 -15 21 -10 -11 -4 5 0
a -1555 2 -15 21 -10 -11 4 -7 0
a -1555 2 -15 21 -10 -11 4 7 0
a -1555 2 -15 21 -10 11 -134 -3014 0
a -1555 2 -15 21 -10 11 -134 3014 0
a -1555 2 -15 21 -10 11 134 -12 0
a -1555 2 -15 21 -10 11 134 12 0
a -1555 2 -15 21 10 -134 -3014 -24 0
a -1555 2 -15 21 10 -134 -3014 24 0
a -1555 2 -15 21 10 -134 3014 -2214 0
a -1555 2 -15 21 10 -134 3014 2214 0
a -1555 2 -15 21 10 134 -2214 -106 0
a -1555 2 -15 21 10 134 -2214 106 0
a -1555 2 -15 21 10 134 2214 -11 0
a -1555 2 -15 21 10 134 2214 11 0
a -1555 2 15 -11 -3 -4 -5 -7 0
a -1555 2 15 -11 -3 -4 -5 7 0
a -1555 2 15 -11 -3 -4 5 -6 0
a -1555 2 15 -11 -3 -4 5 6 0
a -1555 2 15 -11 -3 4 -9 -8 0
a -1555 2 15 -11 -3 4 -9 8 0
a -1555 2 15 -11 -3 4 9 -5 0
a -1555 2 15 -11 -3 4 9 5 0
a -1555 2 15 -11 3 -4 -5 -7 0
a -1555 2 15 -11 3 -4 -5 7 0
a -1555 2 15 -11 3 -4 5 -1542 0
a -1555 2 15 -11 3 -4 5 1542 0
a -1555 2 15 -11 3 4 -27 -1908 0
a -1555 2 15 -11 3 4 -27 1908 0
a -1555 2 15 -11 3 4 27 -5 0
a -1555 2 15 -11 3 4 27 5 0
a -1555 2 15 11 -12 -3 -4 -5 0
a -1555 2 15 11 -12 -3 -4 5 0
a -1555 2 15 11 -12 -3 4 -10 0
a -1555 2 15 11 -12 -3 4 10 0
a -1555 2 15 11 -12 3 -4 -5 0
a -1555 2 15 11 -12 3 -4 5 0
a -1555 2 15 11 -12 3 4 -35 0
a -1555 2 15 11 -12 3 4 35 0
a -1555 2 15 11 12 -1542 -21 -143 0
a -1555 2 15 11 12 -1542 -21 143 0
a -1555 2 15 11 12 -1542 21 -134 0
a -1555 2 15 11 12 -1542 21 134 0
a -1555 2 15 11 12 1542 -9 -10 0
a -1555 2 15 11 12 1542 -9 10 0
a -1555 2 15 11 12 1542 9 -1894 0
a -1555 2 15 11 12 1542 9 1894 0
a -1555 -2 -192 -4 -12 -11 -10 -9 0
a -1555 -2 -192 -4 -12 -11 -10 9 0
a -1555 -2 -192 -4 -12 -11 10 -5 0
a -1555 -2 -192 -4 -12 -11 10 5 0
a -1555 -2 -192 -4 -12 11 -5 -7 0
a -1555 -2 -192 -4 -12 11 -5 7 0
a -1555 -2 -192 -4 -12 11 5 -10 0
a -1555 -2 -192 -4 -12 11 5 10 0
a -1555 -2 -192 -4 12 -5 -7 -6 0
a -1555 -2 -192 -4 12 -5 -7 6 0
a -1555 -2 -192 -4 12 -5 7 -6 0
a -1555 -2 -192 -4 12 -5 7 6 0
a -1555 -2 -192 -4 12 5 -6 -7 0
a -1555 -2 -192 -4 12 5 -6 7 0
a -1555 -2 -192 -4 12 5 6 -7 0
a -1555 -2 -192 -4 12 5 6 7 0
a -1555 -2 -192 4 -22 -12 -11 -10 0
a -1555 -2 -192 4 -22 -12 -11 10 0
a -1555 -2 -192 4 -22 -12 11 -5 0
a -1555 -2 -192 4 -22 -12 11 5 0
a -1555 -2 -192 4 -22 12 -5 -6 0
a -1555 -2 -192 4 -22 12 -5 6 0
a -1555 -2 -192 4 -22 12 5 -36 0
a -1555 -2 -192 4 -22 12 5 36 0
a -1555 -2 -192 4 22 -5 -12 -11 0
a -1555 -2 -192 4 22 -5 -12 11 0
a -1555 -2 -192 4 22 -5 12 -6 0
a -1555 -2 -192 4 22 -5 12 6 0
a -1555 -2 -192 4 22 5 -12 -11 0
a -1555 -2 -192 4 22 5 -12 11 0
a -1555 -2 -192 4 22 5 12 -29 0
a -1555 -2 -192 4 22 5 12 29 0
a -1555 -2 192 1748 -12 -11 -10 -9 0
a -1555 -2 192 1748 -12 -11 -10 9 0
a -1555 -2 192 1748 -12 -11 10 -4 0
a -1555 -2 192 1748 -12 -11 10 4 0
a -1555 -2 192 1748 -12 11 -4 -5 0
a -1555 -2 192 1748 -12 11 -4 5 0
a -1555 -2 192 1748 -12 11 4 -9 0
a -1555 -2 192 1748 -12 11 4 9 0
a -1555 -2 192 1748 12 -4 -5 -7 0
a -1555 -2 192 1748 12 -4 -5 7 0
a -1555 -2 192 1748 12 -4 5 -36 0
a -1555 -2 192 1748 12 -4 5 36 0
a -1555 -2 192 1748 12 4 -36 -40 0
a -1555 -2 192 1748 12 4 -36 40 0
a -1555 -2 192 1748 12 4 36 -5 0
a -1555 -2 192 1748 12 4 36 5 0
a -1555 -2 192 -1748 3 -24 -18 -19 0
a -1555 -2 192 -1748 3 -24 -18 19 0
a -1555 -2 192 -1748 3 -24 18 -10 0
a -1555 -2 192 -1748 3 -24 18 10 0
a -1555 -2 192 -1748 3 24 -21 -10 0
a -1555 -2 192 -1748 3 24 -21 10 0
a -1555 -2 192 -1748 3 24 21 3028 0
a -1555 -2 192 -1748 3 24 21 -3028 0
a -1555 -2 192 -1748 -3 64 -12 -11 0
a -1555 -2 192 -1748 -3 64 -12 11 0
a -1555 -2 192 -1748 -3 64 12 -5 0
a -1555 -2 192 -1748 -3 64 12 5 0
a -1555 -2 192 -1748 -3 -64 4 -17 0
a -1555 -2 192 -1748 -3 -64 4 17 0
a -1555 -2 192 -1748 -3 -64 -4 -2057 0
a -1555 -2 192 -1748 -3 -64 -4 2057 0
