a 831 1591 1958 -3690 953 1663 0
a 831 1591 1958 -3690 953 -1663 0
a 831 1591 1958 -3690 -953 -3705 0
a 831 1591 1958 -3690 -953 3705 -3666 0
a 831 1591 1958 -3690 -953 3705 3666 -20 0
a 831 1591 1958 -3690 -953 3705 3666 20 0
a 831 1591 1958 3690 -777 -3694 0
a 831 1591 1958 3690 -777 3694 888 0
a 831 1591 1958 3690 -777 3694 -888 -3661 0
a 831 1591 1958 3690 -777 3694 -888 3661 0
a 831 1591 1958 3690 777 25 1663 0
a 831 1591 1958 3690 777 25 -1663 3745 0
a 831 1591 1958 3690 777 25 -1663 -3745 0
a 831 1591 1958 3690 777 -25 3663 0
a 831 1591 1958 3690 777 -25 -3663 0
a 831 1591 -1958 -3744 -21 0
a 831 1591 -1958 -3744 21 -3690 0
a 831 1591 -1958 -3744 21 3690 -777 0
a 831 1591 -1958 -3744 21 3690 777 0
a 831 1591 -1958 3744 -3663 -3690 953 0
a 831 1591 -1958 3744 -3663 -3690 -953 1562 0
a 831 1591 -1958 3744 -3663 -3690 -953 -1562 0
a 831 1591 -1958 3744 -3663 3690 -777 -3694 0
a 831 1591 -1958 3744 -3663 3690 -777 3694 0
a 831 1591 -1958 3744 -3663 3690 777 1562 0
a 831 1591 -1958 3744 -3663 3690 777 -1562 0
a 831 1591 -1958 3744 3663 -25 -3783 0
a 831 1591 -1958 3744 3663 -25 3783 0
a 831 1591 -1958 3744 3663 25 -3690 953 0
a 831 1591 -1958 3744 3663 25 -3690 -953 -17 0
a 831 1591 -1958 3744 3663 25 -3690 -953 17 -3666 0
a 831 1591 -1958 3744 3663 25 -3690 -953 17 3666 0
a 831 1591 -1958 3744 3663 25 3690 -777 1562 0
a 831 1591 -1958 3744 3663 25 3690 -777 -1562 0
a 831 1591 -1958 3744 3663 25 3690 777 -3666 0
a 831 1591 -1958 3744 3663 25 3690 777 3666 1623 0
a 831 1591 -1958 3744 3663 25 3690 777 3666 -1623 0
a 831 -1591 -79 -3733 -9 0
a 831 -1591 -79 -3733 9 -12 0
a 831 -1591 -79 -3733 9 12 -3657 0
a 831 -1591 -79 -3733 9 12 3657 -777 0
a 831 -1591 -79 -3733 9 12 3657 777 0
a 831 -1591 -79 3733 -3664 -3657 953 0
a 831 -1591 -79 3733 -3664 -3657 -953 -3655 0
a 831 -1591 -79 3733 -3664 -3657 -953 3655 0
a 831 -1591 -79 3733 -3664 3657 -777 -3655 0
a 831 -1591 -79 3733 -3664 3657 -777 3655 0
a 831 -1591 -79 3733 -3664 3657 777 -3663 0
a 831 -1591 -79 3733 -3664 3657 777 3663 -25 0
a 831 -1591 -79 3733 -3664 3657 777 3663 25 0
a 831 -1591 -79 3733 3664 -3690 953 -3655 0
a 831 -1591 -79 3733 3664 -3690 953 3655 0
a 831 -1591 -79 3733 3664 -3690 -953 -3705 0
a 831 -1591 -79 3733 3664 -3690 -953 3705 -3663 0
a 831 -1591 -79 3733 3664 -3690 -953 3705 3663 -25 0
a 831 -1591 -79 3733 3664 -3690 -953 3705 3663 25 0
a 831 -1591 -79 3733 3664 3690 -777 -3655 0
a 831 -1591 -79 3733 3664 3690 -777 3655 -3694 0
a 831 -1591 -79 3733 3664 3690 -777 3655 3694 0
a 831 -1591 -79 3733 3664 3690 777 -3663 0
a 831 -1591 -79 3733 3664 3690 777 3663 -25 0
a 831 -1591 -79 3733 3664 3690 777 3663 25 -3655 0
a 831 -1591 -79 3733 3664 3690 777 3663 25 3655 0
a 831 -1591 79 -3768 201 1663 -3657 0
a 831 -1591 79 -3768 201 1663 3657 0
a 831 -1591 79 -3768 201 -1663 -3690 0
a 831 -1591 79 -3768 201 -1663 3690 -777 0
a 831 -1591 79 -3768 201 -1663 3690 777 0
a 831 -1591 79 -3768 -201 -3690 953 0
a 831 -1591 79 -3768 -201 -3690 -953 -17 0
a 831 -1591 79 -3768 -201 -3690 -953 17 -23 0
a 831 -1591 79 -3768 -201 -3690 -953 17 23 0
a 831 -1591 79 -3768 -201 3690 -777 1663 0
a 831 -1591 79 -3768 -201 3690 -777 -1663 0
a 831 -1591 79 -3768 -201 3690 777 1663 0
a 831 -1591 79 -3768 -201 3690 777 -1663 -23 0
a 831 -1591 79 -3768 -201 3690 777 -1663 23 0
a 831 -1591 79 3768 -25 -3772 -3657 0
a 831 -1591 79 3768 -25 -3772 3657 0
a 831 -1591 79 3768 -25 3772 -3690 953 0
a 831 -1591 79 3768 -25 3772 -3690 -953 1663 0
a 831 -1591 79 3768 -25 3772 -3690 -953 -1663 0
a 831 -1591 79 3768 -25 3772 3690 -777 -3694 0
a 831 -1591 79 3768 -25 3772 3690 -777 3694 0
a 831 -1591 79 3768 -25 3772 3690 777 1663 0
a 831 -1591 79 3768 -25 3772 3690 777 -1663 0
a 831 -1591 79 3768 25 -3690 953 0
a 831 -1591 79 3768 25 -3690 -953 -17 0
a 831 -1591 79 3768 25 -3690 -953 17 -3666 0
a 831 -1591 79 3768 25 -3690 -953 17 3666 0
a 831 -1591 79 3768 25 3690 -777 1663 0
a 831 -1591 79 3768 25 3690 -777 -1663 -3694 0
a 831 -1591 79 3768 25 3690 -777 -1663 3694 0
a 831 -1591 79 3768 25 3690 777 1663 0
a 831 -1591 79 3768 25 3690 777 -1663 -3666 0
a 831 -1591 79 3768 25 3690 777 -1663 3666 1623 0
a 831 -1591 79 3768 25 3690 777 -1663 3666 -1623 0
a -831 1 -3666 1352 -3690 0
a -831 1 -3666 1352 3690 0
a -831 1 -3666 -1352 1530 -1958 0
a -831 1 -3666 -1352 1530 1958 -3733 0
a -831 1 -3666 -1352 1530 1958 3733 -3762 0
a -831 1 -3666 -1352 1530 1958 3733 3762 0
a -831 1 -3666 -1352 -1530 -79 -3744 0
a -831 1 -3666 -1352 -1530 -79 3744 0
a -831 1 -3666 -1352 -1530 79 -3768 201 0
a -831 1 -3666 -1352 -1530 79 -3768 -201 0
a -831 1 -3666 -1352 -1530 79 3768 -25 0
a -831 1 -3666 -1352 -1530 79 3768 25 0
a -831 1 3666 1530 -1958 1594 0
a -831 1 3666 1530 -1958 -1594 -3745 0
a -831 1 3666 1530 -1958 -1594 3745 0
a -831 1 3666 1530 1958 -3733 -9 0
a -831 1 3666 1530 1958 -3733 9 -12 0
a -831 1 3666 1530 1958 -3733 9 12 0
a -831 1 3666 1530 1958 3733 -3762 -3729 0
a -831 1 3666 1530 1958 3733 -3762 3729 -777 0
a -831 1 3666 1530 1958 3733 -3762 3729 777 -11 0
a -831 1 3666 1530 1958 3733 -3762 3729 777 11 0
a -831 1 3666 1530 1958 3733 3762 -25 -3772 0
a -831 1 3666 1530 1958 3733 3762 -25 3772 0
a -831 1 3666 1530 1958 3733 3762 25 -3729 -1562 0
a -831 1 3666 1530 1958 3733 3762 25 -3729 1562 0
a -831 1 3666 1530 1958 3733 3762 25 3729 -777 0
a -831 1 3666 1530 1958 3733 3762 25 3729 777 -3772 0
a -831 1 3666 1530 1958 3733 3762 25 3729 777 3772 0
a -831 1 3666 -1530 -79 -3744 0
a -831 1 3666 -1530 -79 3744 -10 0
a -831 1 3666 -1530 -79 3744 10 -25 0
a -831 1 3666 -1530 -79 3744 10 25 0
a -831 1 3666 -1530 79 -3768 201 -3729 0
a -831 1 3666 -1530 79 -3768 201 3729 -777 0
a -831 1 3666 -1530 79 -3768 201 3729 777 0
a -831 1 3666 -1530 79 -3768 -201 -3708 -23 0
a -831 1 3666 -1530 79 -3768 -201 -3708 23 -3744 0
a -831 1 3666 -1530 79 -3768 -201 -3708 23 3744 0
a -831 1 3666 -1530 79 -3768 -201 3708 -23 0
a -831 1 3666 -1530 79 -3768 -201 3708 23 -3744 0
a -831 1 3666 -1530 79 -3768 -201 3708 23 3744 0
a -831 1 3666 -1530 79 3768 -25 -11 0
a -831 1 3666 -1530 79 3768 -25 11 -3729 0
a -831 1 3666 -1530 79 3768 -25 11 3729 -777 0
a -831 1 3666 -1530 79 3768 -25 11 3729 777 1562 0
a -831 1 3666 -1530 79 3768 -25 11 3729 777 -1562 0
a -831 1 3666 -1530 79 3768 25 -3729 1562 0
a -831 1 3666 -1530 79 3768 25 -3729 -1562 0
a -831 1 3666 -1530 79 3768 25 3729 -777 0
a -831 1 3666 -1530 79 3768 25 3729 777 -3744 0
a -831 1 3666 -1530 79 3768 25 3729 777 3744 1623 0
a -831 1 3666 -1530 79 3768 25 3729 777 3744 -1623 0
a -831 -1 -7 -597 1532 -13 0
a -831 -1 -7 -597 1532 13 0
a -831 -1 -7 -597 -1532 -13 -3667 0
a -831 -1 -7 -597 -1532 -13 3667 0
a -831 -1 -7 -597 -1532 13 -3736 0
a -831 -1 -7 -597 -1532 13 3736 -3730 0
a -831 -1 -7 -597 -1532 13 3736 3730 0
a -831 -1 -7 597 -8 3655 -19 0
a -831 -1 -7 597 -8 3655 19 0
a -831 -1 -7 597 -8 -3655 -2 0
a -831 -1 -7 597 -8 -3655 2 -3667 0
a -831 -1 -7 597 -8 -3655 2 3667 0
a -831 -1 -7 597 8 -3745 0
a -831 -1 -7 597 8 3745 1532 0
a -831 -1 -7 597 8 3745 -1532 -13 0
a -831 -1 -7 597 8 3745 -1532 13 0
a -831 -1 7 -79 -3744 -85 0
a -831 -1 7 -79 -3744 85 -1958 0
a -831 -1 7 -79 -3744 85 1958 -3655 0
a -831 -1 7 -79 -3744 85 1958 3655 0
a -831 -1 7 -79 3744 -1958 -3672 0
a -831 -1 7 -79 3744 -1958 3672 -3667 0
a -831 -1 7 -79 3744 -1958 3672 3667 0
a -831 -1 7 -79 3744 1958 -3655 -3 0
a -831 -1 7 -79 3744 1958 -3655 3 0
a -831 -1 7 -79 3744 1958 3655 -3663 -3745 0
a -831 -1 7 -79 3744 1958 3655 -3663 3745 -11 0
a -831 -1 7 -79 3744 1958 3655 -3663 3745 11 0
a -831 -1 7 -79 3744 1958 3655 3663 -25 -3783 0
a -831 -1 7 -79 3744 1958 3655 3663 -25 3783 0
a -831 -1 7 -79 3744 1958 3655 3663 25 -3696 0
a -831 -1 7 -79 3744 1958 3655 3663 25 3696 -777 0
a -831 -1 7 -79 3744 1958 3655 3663 25 3696 777 0
a -831 -1 7 79 3172 -3735 201 0
a -831 -1 7 79 3172 -3735 -201 -11 0
a -831 -1 7 79 3172 -3735 -201 11 -3733 0
a -831 -1 7 79 3172 -3735 -201 11 3733 1532 0
a -831 -1 7 79 3172 -3735 -201 11 3733 -1532 0
a -831 -1 7 79 3172 3735 -25 -3783 0
a -831 -1 7 79 3172 3735 -25 3783 777 0
a -831 -1 7 79 3172 3735 -25 3783 -777 3729 0
a -831 -1 7 79 3172 3735 -25 3783 -777 -3729 0
a -831 -1 7 79 3172 3735 25 777 1663 0
a -831 -1 7 79 3172 3735 25 777 -1663 0
a -831 -1 7 79 3172 3735 25 -777 3729 0
a -831 -1 7 79 3172 3735 25 -777 -3729 0
a -831 -1 7 79 -3172 -3655 -3 0
a -831 -1 7 79 -3172 -3655 3 -3735 0
a -831 -1 7 79 -3172 -3655 3 3735 -25 0
a -831 -1 7 79 -3172 -3655 3 3735 25 0
a -831 -1 7 79 -3172 3655 -3735 201 -3696 0
a -831 -1 7 79 -3172 3655 -3735 201 3696 0
a -831 -1 7 79 -3172 3655 -3735 -201 -11 0
a -831 -1 7 79 -3172 3655 -3735 -201 11 -3733 0
a -831 -1 7 79 -3172 3655 -3735 -201 11 3733 -3730 0
a -831 -1 7 79 -3172 3655 -3735 -201 11 3733 3730 0
a -831 -1 7 79 -3172 3655 3735 -25 -3696 -3783 0
a -831 -1 7 79 -3172 3655 3735 -25 -3696 3783 0
a -831 -1 7 79 -3172 3655 3735 -25 3696 -777 0
a -831 -1 7 79 -3172 3655 3735 -25 3696 777 -884 0
a -831 -1 7 79 -3172 3655 3735 -25 3696 777 884 0
a -831 -1 7 79 -3172 3655 3735 25 -3696 -953 0
a -831 -1 7 79 -3172 3655 3735 25 -3696 953 -3708 0
a -831 -1 7 79 -3172 3655 3735 25 -3696 953 3708 0
a -831 -1 7 79 -3172 3655 3735 25 3696 -777 0
a -831 -1 7 79 -3172 3655 3735 25 3696 777 889 0
a -831 -1 7 79 -3172 3655 3735 25 3696 777 -889 0
