a 1537 -1561 -1549 -1573 0
a 1537 -1561 -1549 1573 -35 0
a 1537 -1561 -1549 1573 35 -1633 0
a 1537 -1561 -1549 1573 35 1633 -1597 0
a 1537 -1561 -1549 1573 35 1633 1597 -1642 0
a 1537 -1561 -1549 1573 35 1633 1597 1642 -1585 0
a 1537 -1561 -1549 1573 35 1633 1597 1642 1585 -1598 0
a 1537 -1561 -1549 1573 35 1633 1597 1642 1585 1598 0
a 1537 -1561 1549 -1538 -1540 -41 0
a 1537 -1561 1549 -1538 -1540 41 -77 0
a 1537 -1561 1549 -1538 -1540 41 77 0
a 1537 -1561 1549 -1538 1540 -39 0
a 1537 -1561 1549 -1538 1540 39 -1575 0
a 1537 -1561 1549 -1538 1540 39 1575 -1600 0
a 1537 -1561 1549 -1538 1540 39 1575 1600 -1601 0
a 1537 -1561 1549 -1538 1540 39 1575 1600 1601 -1578 0
a 1537 -1561 1549 -1538 1540 39 1575 1600 1601 1578 0
a 1537 -1561 1549 1538 -39 -40 0
a 1537 -1561 1549 1538 -39 40 -1574 -74 0
a 1537 -1561 1549 1538 -39 40 -1574 74 0
a 1537 -1561 1549 1538 -39 40 1574 -74 0
a 1537 -1561 1549 1538 -39 40 1574 74 -1589 0
a 1537 -1561 1549 1538 -39 40 1574 74 1589 -1601 0
a 1537 -1561 1549 1538 -39 40 1574 74 1589 1601 0
a 1537 -1561 1549 1538 39 -1575 -74 0
a 1537 -1561 1549 1538 39 -1575 74 -1597 0
a 1537 -1561 1549 1538 39 -1575 74 1597 -1611 0
a 1537 -1561 1549 1538 39 -1575 74 1597 1611 -1623 0
a 1537 -1561 1549 1538 39 -1575 74 1597 1611 1623 0
a 1537 -1561 1549 1538 39 1575 -74 -1598 0
a 1537 -1561 1549 1538 39 1575 -74 1598 -1611 0
a 1537 -1561 1549 1538 39 1575 -74 1598 1611 -1623 0
a 1537 -1561 1549 1538 39 1575 -74 1598 1611 1623 0
a 1537 -1561 1549 1538 39 1575 74 -1599 -1611 0
a 1537 -1561 1549 1538 39 1575 74 -1599 1611 -1612 0
a 1537 -1561 1549 1538 39 1575 74 -1599 1611 1612 0
a 1537 -1561 1549 1538 39 1575 74 1599 -1600 -1601 0
a 1537 -1561 1549 1538 39 1575 74 1599 -1600 1601 0
a 1537 -1561 1549 1538 39 1575 74 1599 1600 -1601 0
a 1537 -1561 1549 1538 39 1575 74 1599 1600 1601 -1602 0
a 1537 -1561 1549 1538 39 1575 74 1599 1600 1601 1602 0
a 1537 1561 -1538 -1563 -1564 0
a 1537 1561 -1538 -1563 1564 -60 0
a 1537 1561 -1538 -1563 1564 60 -1600 0
a 1537 1561 -1538 -1563 1564 60 1600 -1565 0
a 1537 1561 -1538 -1563 1564 60 1600 1565 -1560 0
a 1537 1561 -1538 -1563 1564 60 1600 1565 1560 0
a 1537 1561 -1538 1563 -1564 -1565 0
a 1537 1561 -1538 1563 -1564 1565 -77 0
a 1537 1561 -1538 1563 -1564 1565 77 -60 0
a 1537 1561 -1538 1563 -1564 1565 77 60 -1567 0
a 1537 1561 -1538 1563 -1564 1565 77 60 1567 -1579 0
a 1537 1561 -1538 1563 -1564 1565 77 60 1567 1579 -1603 0
a 1537 1561 -1538 1563 -1564 1565 77 60 1567 1579 1603 0
a 1537 1561 -1538 1563 1564 -1588 -1575 0
a 1537 1561 -1538 1563 1564 -1588 1575 -1597 0
a 1537 1561 -1538 1563 1564 -1588 1575 1597 -1345 0
a 1537 1561 -1538 1563 1564 -1588 1575 1597 1345 -1565 0
a 1537 1561 -1538 1563 1564 -1588 1575 1597 1345 1565 0
a 1537 1561 -1538 1563 1564 1588 -1573 -1549 0
a 1537 1561 -1538 1563 1564 1588 -1573 1549 -1597 0
a 1537 1561 -1538 1563 1564 1588 -1573 1549 1597 -1565 0
a 1537 1561 -1538 1563 1564 1588 -1573 1549 1597 1565 0
a 1537 1561 -1538 1563 1564 1588 1573 -1565 -1566 0
a 1537 1561 -1538 1563 1564 1588 1573 -1565 1566 -1602 0
a 1537 1561 -1538 1563 1564 1588 1573 -1565 1566 1602 0
a 1537 1561 -1538 1563 1564 1588 1573 1565 -1566 -1567 0
a 1537 1561 -1538 1563 1564 1588 1573 1565 -1566 1567 -1597 0
a 1537 1561 -1538 1563 1564 1588 1573 1565 -1566 1567 1597 0
a 1537 1561 -1538 1563 1564 1588 1573 1565 1566 1807 0
a 1537 1561 -1538 1563 1564 1588 1573 1565 1566 -1807 -1614 0
a 1537 1561 -1538 1563 1564 1588 1573 1565 1566 -1807 1614 0
a 1537 1561 1538 -1550 -1573 -1564 -1597 0
a 1537 1561 1538 -1550 -1573 -1564 1597 -1585 0
a 1537 1561 1538 -1550 -1573 -1564 1597 1585 1327 0
a 1537 1561 1538 -1550 -1573 -1564 1597 1585 -1327 0
a 1537 1561 1538 -1550 -1573 1564 -1585 0
a 1537 1561 1538 -1550 -1573 1564 1585 -1598 0
a 1537 1561 1538 -1550 -1573 1564 1585 1598 -1610 0
a 1537 1561 1538 -1550 -1573 1564 1585 1598 1610 917 0
a 1537 1561 1538 -1550 -1573 1564 1585 1598 1610 -917 0
a 1537 1561 1538 -1550 1573 -74 -1576 -1609 0
a 1537 1561 1538 -1550 1573 -74 -1576 1609 -35 0
a 1537 1561 1538 -1550 1573 -74 -1576 1609 35 0
a 1537 1561 1538 -1550 1573 -74 1576 -1597 0
a 1537 1561 1538 -1550 1573 -74 1576 1597 -90 0
a 1537 1561 1538 -1550 1573 -74 1576 1597 90 -1610 0
a 1537 1561 1538 -1550 1573 -74 1576 1597 90 1610 -1613 0
a 1537 1561 1538 -1550 1573 -74 1576 1597 90 1610 1613 0
a 1537 1561 1538 -1550 1573 74 -1587 -1576 0
a 1537 1561 1538 -1550 1573 74 -1587 1576 -1600 0
a 1537 1561 1538 -1550 1573 74 -1587 1576 1600 -1601 0
a 1537 1561 1538 -1550 1573 74 -1587 1576 1600 1601 0
a 1537 1561 1538 -1550 1573 74 1587 -1598 -1610 0
a 1537 1561 1538 -1550 1573 74 1587 -1598 1610 -1623 0
a 1537 1561 1538 -1550 1573 74 1587 -1598 1610 1623 0
a 1537 1561 1538 -1550 1573 74 1587 1598 -1600 -1601 0
a 1537 1561 1538 -1550 1573 74 1587 1598 -1600 1601 0
a 1537 1561 1538 -1550 1573 74 1587 1598 1600 -1601 0
a 1537 1561 1538 -1550 1573 74 1587 1598 1600 1601 -1602 0
a 1537 1561 1538 -1550 1573 74 1587 1598 1600 1601 1602 0
a 1537 1561 1538 1550 -1563 -1564 -60 0
a 1537 1561 1538 1550 -1563 -1564 60 -1559 0
a 1537 1561 1538 1550 -1563 -1564 60 1559 -74 0
a 1537 1561 1538 1550 -1563 -1564 60 1559 74 -1608 0
a 1537 1561 1538 1550 -1563 -1564 60 1559 74 1608 0
a 1537 1561 1538 1550 -1563 1564 -1565 -1566 0
a 1537 1561 1538 1550 -1563 1564 -1565 1566 -1567 0
a 1537 1561 1538 1550 -1563 1564 -1565 1566 1567 -74 0
a 1537 1561 1538 1550 -1563 1564 -1565 1566 1567 74 -91 0
a 1537 1561 1538 1550 -1563 1564 -1565 1566 1567 74 91 0
a 1537 1561 1538 1550 -1563 1564 1565 -1577 -74 0
a 1537 1561 1538 1550 -1563 1564 1565 -1577 74 -1601 0
a 1537 1561 1538 1550 -1563 1564 1565 -1577 74 1601 0
a 1537 1561 1538 1550 -1563 1564 1565 1577 -74 -1598 0
a 1537 1561 1538 1550 -1563 1564 1565 1577 -74 1598 0
a 1537 1561 1538 1550 -1563 1564 1565 1577 74 -1601 0
a 1537 1561 1538 1550 -1563 1564 1565 1577 74 1601 -1566 0
a 1537 1561 1538 1550 -1563 1564 1565 1577 74 1601 1566 0
a 1537 1561 1538 1550 1563 -1564 -1575 -74 0
a 1537 1561 1538 1550 1563 -1564 -1575 74 -1597 0
a 1537 1561 1538 1550 1563 -1564 -1575 74 1597 -1565 0
a 1537 1561 1538 1550 1563 -1564 -1575 74 1597 1565 0
a 1537 1561 1538 1550 1563 -1564 1575 -74 -1598 0
a 1537 1561 1538 1550 1563 -1564 1575 -74 1598 -1565 0
a 1537 1561 1538 1550 1563 -1564 1575 -74 1598 1565 0
a 1537 1561 1538 1550 1563 -1564 1575 74 2412 0
a 1537 1561 1538 1550 1563 -1564 1575 74 -2412 -1601 0
a 1537 1561 1538 1550 1563 -1564 1575 74 -2412 1601 -1566 0
a 1537 1561 1538 1550 1563 -1564 1575 74 -2412 1601 1566 0
a 1537 1561 1538 1550 1563 1564 -1576 906 0
a 1537 1561 1538 1550 1563 1564 -1576 -906 -1600 0
a 1537 1561 1538 1550 1563 1564 -1576 -906 1600 -1611 0
a 1537 1561 1538 1550 1563 1564 -1576 -906 1600 1611 -627 0
a 1537 1561 1538 1550 1563 1564 -1576 -906 1600 1611 627 0
a 1537 1561 1538 1550 1563 1564 1576 -74 -1597 0
a 1537 1561 1538 1550 1563 1564 1576 -74 1597 -1611 0
a 1537 1561 1538 1550 1563 1564 1576 -74 1597 1611 -1624 0
a 1537 1561 1538 1550 1563 1564 1576 -74 1597 1611 1624 -1565 0
a 1537 1561 1538 1550 1563 1564 1576 -74 1597 1611 1624 1565 0
a 1537 1561 1538 1550 1563 1564 1576 74 -1565 -1597 0
a 1537 1561 1538 1550 1563 1564 1576 74 -1565 1597 -1578 0
a 1537 1561 1538 1550 1563 1564 1576 74 -1565 1597 1578 0
a 1537 1561 1538 1550 1563 1564 1576 74 1565 -1601 -1611 0
a 1537 1561 1538 1550 1563 1564 1576 74 1565 -1601 1611 0
a 1537 1561 1538 1550 1563 1564 1576 74 1565 1601 -1566 0
a 1537 1561 1538 1550 1563 1564 1576 74 1565 1601 1566 -1567 0
a 1537 1561 1538 1550 1563 1564 1576 74 1565 1601 1566 1567 0
a -1537 1 -1561 -1633 -1621 0
a -1537 1 -1561 -1633 1621 -1609 0
a -1537 1 -1561 -1633 1621 1609 -110 0
a -1537 1 -1561 -1633 1621 1609 110 0
a -1537 1 -1561 1633 -1597 -1573 0
a -1537 1 -1561 1633 -1597 1573 -1585 0
a -1537 1 -1561 1633 -1597 1573 1585 -1634 0
a -1537 1 -1561 1633 -1597 1573 1585 1634 0
a -1537 1 -1561 1633 1597 -132 -1642 0
a -1537 1 -1561 1633 1597 -132 1642 0
a -1537 1 -1561 1633 1597 132 -1573 -84 0
a -1537 1 -1561 1633 1597 132 -1573 84 0
a -1537 1 -1561 1633 1597 132 1573 -1642 -95 0
a -1537 1 -1561 1633 1597 132 1573 -1642 95 0
a -1537 1 -1561 1633 1597 132 1573 1642 -1609 -1632 0
a -1537 1 -1561 1633 1597 132 1573 1642 -1609 1632 0
a -1537 1 -1561 1633 1597 132 1573 1642 1609 -1635 0
a -1537 1 -1561 1633 1597 132 1573 1642 1609 1635 -1598 0
a -1537 1 -1561 1633 1597 132 1573 1642 1609 1635 1598 -1630 0
a -1537 1 -1561 1633 1597 132 1573 1642 1609 1635 1598 1630 0
a -1537 1 1561 -60 -59 -1570 0
a -1537 1 1561 -60 -59 1570 -1573 0
a -1537 1 1561 -60 -59 1570 1573 -1574 0
a -1537 1 1561 -60 -59 1570 1573 1574 0
a -1537 1 1561 -60 59 -1633 -1609 0
a -1537 1 1561 -60 59 -1633 1609 -1570 0
a -1537 1 1561 -60 59 -1633 1609 1570 -47 0
a -1537 1 1561 -60 59 -1633 1609 1570 47 0
a -1537 1 1561 -60 59 1633 -1634 -1635 0
a -1537 1 1561 -60 59 1633 -1634 1635 -107 0
a -1537 1 1561 -60 59 1633 -1634 1635 107 0
a -1537 1 1561 -60 59 1633 1634 -134 -1573 0
a -1537 1 1561 -60 59 1633 1634 -134 1573 -74 0
a -1537 1 1561 -60 59 1633 1634 -134 1573 74 0
a -1537 1 1561 -60 59 1633 1634 134 -1658 -1679 0
a -1537 1 1561 -60 59 1633 1634 134 -1658 1679 0
a -1537 1 1561 -60 59 1633 1634 134 1658 -1659 0
a -1537 1 1561 -60 59 1633 1634 134 1658 1659 -1671 0
a -1537 1 1561 -60 59 1633 1634 134 1658 1659 1671 0
a -1537 1 1561 60 -1573 -84 -1608 0
a -1537 1 1561 60 -1573 -84 1608 0
a -1537 1 1561 60 -1573 84 -1563 -1609 0
a -1537 1 1561 60 -1573 84 -1563 1609 -52 0
a -1537 1 1561 60 -1573 84 -1563 1609 52 -1633 0
a -1537 1 1561 60 -1573 84 -1563 1609 52 1633 0
a -1537 1 1561 60 -1573 84 1563 -1597 -1611 0
a -1537 1 1561 60 -1573 84 1563 -1597 1611 0
a -1537 1 1561 60 -1573 84 1563 1597 -1562 0
a -1537 1 1561 60 -1573 84 1563 1597 1562 -1611 0
a -1537 1 1561 60 -1573 84 1563 1597 1562 1611 -1623 0
a -1537 1 1561 60 -1573 84 1563 1597 1562 1611 1623 0
a -1537 1 1561 60 1573 -1574 -1575 0
a -1537 1 1561 60 1573 -1574 1575 -1608 -75 0
a -1537 1 1561 60 1573 -1574 1575 -1608 75 0
a -1537 1 1561 60 1573 -1574 1575 1608 -108 -1632 0
a -1537 1 1561 60 1573 -1574 1575 1608 -108 1632 0
a -1537 1 1561 60 1573 -1574 1575 1608 108 -1601 0
a -1537 1 1561 60 1573 -1574 1575 1608 108 1601 -132 0
a -1537 1 1561 60 1573 -1574 1575 1608 108 1601 132 -1579 0
a -1537 1 1561 60 1573 -1574 1575 1608 108 1601 132 1579 0
a -1537 1 1561 60 1573 1574 -74 -1597 0
a -1537 1 1561 60 1573 1574 -74 1597 -1610 -1563 0
a -1537 1 1561 60 1573 1574 -74 1597 -1610 1563 0
a -1537 1 1561 60 1573 1574 -74 1597 1610 -1611 0
a -1537 1 1561 60 1573 1574 -74 1597 1610 1611 -1623 0
a -1537 1 1561 60 1573 1574 -74 1597 1610 1611 1623 -1624 0
a -1537 1 1561 60 1573 1574 -74 1597 1610 1611 1623 1624 0
a -1537 1 1561 60 1573 1574 74 -1575 -1608 0
a -1537 1 1561 60 1573 1574 74 -1575 1608 -1588 0
a -1537 1 1561 60 1573 1574 74 -1575 1608 1588 -1601 0
a -1537 1 1561 60 1573 1574 74 -1575 1608 1588 1601 0
a -1537 1 1561 60 1573 1574 74 1575 -1599 -1611 0
a -1537 1 1561 60 1573 1574 74 1575 -1599 1611 -1623 0
a -1537 1 1561 60 1573 1574 74 1575 -1599 1611 1623 -1624 0
a -1537 1 1561 60 1573 1574 74 1575 -1599 1611 1623 1624 0
a -1537 1 1561 60 1573 1574 74 1575 1599 -1600 -1611 0
a -1537 1 1561 60 1573 1574 74 1575 1599 -1600 1611 0
a -1537 1 1561 60 1573 1574 74 1575 1599 1600 -1601 0
a -1537 1 1561 60 1573 1574 74 1575 1599 1600 1601 -1611 0
a -1537 1 1561 60 1573 1574 74 1575 1599 1600 1601 1611 0
a -1537 -1 -1316 -1563 -4 0
a -1537 -1 -1316 -1563 4 -1576 0
a -1537 -1 -1316 -1563 4 1576 -1588 0
a -1537 -1 -1316 -1563 4 1576 1588 -1600 0
a -1537 -1 -1316 -1563 4 1576 1588 1600 0
a -1537 -1 -1316 1563 -4 -5 0
a -1537 -1 -1316 1563 -4 5 -6 0
a -1537 -1 -1316 1563 -4 5 6 -1590 0
a -1537 -1 -1316 1563 -4 5 6 1590 -7 0
a -1537 -1 -1316 1563 -4 5 6 1590 7 0
a -1537 -1 -1316 1563 4 -5 2172 0
a -1537 -1 -1316 1563 4 -5 -2172 -1587 0
a -1537 -1 -1316 1563 4 -5 -2172 1587 0
a -1537 -1 -1316 1563 4 5 -1576 917 0
a -1537 -1 -1316 1563 4 5 -1576 -917 0
a -1537 -1 -1316 1563 4 5 1576 -1589 0
a -1537 -1 -1316 1563 4 5 1576 1589 -6 0
a -1537 -1 -1316 1563 4 5 1576 1589 6 0
a -1537 -1 1316 -1925 1551 -4 0
a -1537 -1 1316 -1925 1551 4 -1717 0
a -1537 -1 1316 -1925 1551 4 1717 -5 0
a -1537 -1 1316 -1925 1551 4 1717 5 -1637 0
a -1537 -1 1316 -1925 1551 4 1717 5 1637 0
a -1537 -1 1316 -1925 -1551 -1635 -4 0
a -1537 -1 1316 -1925 -1551 -1635 4 0
a -1537 -1 1316 -1925 -1551 1635 -4 0
a -1537 -1 1316 -1925 -1551 1635 4 -5 0
a -1537 -1 1316 -1925 -1551 1635 4 5 -135 0
a -1537 -1 1316 -1925 -1551 1635 4 5 135 0
a -1537 -1 1316 1925 2039 1551 1623 0
a -1537 -1 1316 1925 2039 1551 -1623 -1660 0
a -1537 -1 1316 1925 2039 1551 -1623 1660 0
a -1537 -1 1316 1925 2039 -1551 1623 0
a -1537 -1 1316 1925 2039 -1551 -1623 -1635 0
a -1537 -1 1316 1925 2039 -1551 -1623 1635 0
a -1537 -1 1316 1925 -2039 -1097 1623 0
a -1537 -1 1316 1925 -2039 -1097 -1623 0
a -1537 -1 1316 1925 -2039 1097 -906 1623 0
a -1537 -1 1316 1925 -2039 1097 -906 -1623 0
a -1537 -1 1316 1925 -2039 1097 906 -2281 1623 0
a -1537 -1 1316 1925 -2039 1097 906 -2281 -1623 0
a -1537 -1 1316 1925 -2039 1097 906 2281 -302 1551 0
a -1537 -1 1316 1925 -2039 1097 906 2281 -302 -1551 0
a -1537 -1 1316 1925 -2039 1097 906 2281 302 -198 1551 0
a -1537 -1 1316 1925 -2039 1097 906 2281 302 -198 -1551 0
a -1537 -1 1316 1925 -2039 1097 906 2281 302 198 1646 135 0
a -1537 -1 1316 1925 -2039 1097 906 2281 302 198 1646 -135 -1648 0
a -1537 -1 1316 1925 -2039 1097 906 2281 302 198 1646 -135 1648 -1672 -1624 0
a -1537 -1 1316 1925 -2039 1097 906 2281 302 198 1646 -135 1648 -1672 1624 0
a -1537 -1 1316 1925 -2039 1097 906 2281 302 198 1646 -135 1648 1672 -1660 0
a -1537 -1 1316 1925 -2039 1097 906 2281 302 198 1646 -135 1648 1672 1660 -1673 0
a -1537 -1 1316 1925 -2039 1097 906 2281 302 198 1646 -135 1648 1672 1660 1673 -162 0
a -1537 -1 1316 1925 -2039 1097 906 2281 302 198 1646 -135 1648 1672 1660 1673 162 0
a -1537 -1 1316 1925 -2039 1097 906 2281 302 198 -1646 -22 146 -1562 0
a -1537 -1 1316 1925 -2039 1097 906 2281 302 198 -1646 -22 146 1562 1563 0
a -1537 -1 1316 1925 -2039 1097 906 2281 302 198 -1646 -22 146 1562 -1563 -1564 0
a -1537 -1 1316 1925 -2039 1097 906 2281 302 198 -1646 -22 146 1562 -1563 1564 0
a -1537 -1 1316 1925 -2039 1097 906 2281 302 198 -1646 -22 -146 -23 0
a -1537 -1 1316 1925 -2039 1097 906 2281 302 198 -1646 -22 -146 23 0
a -1537 -1 1316 1925 -2039 1097 906 2281 302 198 -1646 22 -1648 0
a -1537 -1 1316 1925 -2039 1097 906 2281 302 198 -1646 22 1648 -135 0
a -1537 -1 1316 1925 -2039 1097 906 2281 302 198 -1646 22 1648 135 -1660 0
a -1537 -1 1316 1925 -2039 1097 906 2281 302 198 -1646 22 1648 135 1660 -1649 0
a -1537 -1 1316 1925 -2039 1097 906 2281 302 198 -1646 22 1648 135 1660 1649 -1673 0
a -1537 -1 1316 1925 -2039 1097 906 2281 302 198 -1646 22 1648 135 1660 1649 1673 0
