a 1537 -1561 -1549 -1573 -1585 -1597 -1609 -1621 0
a 1537 -1561 -1549 -1573 -1585 -1597 -1609 1621 0
a 1537 -1561 -1549 -1573 -1585 -1597 1609 -1633 0
a 1537 -1561 -1549 -1573 -1585 -1597 1609 1633 0
a 1537 -1561 -1549 -1573 -1585 1597 -1633 -1621 0
a 1537 -1561 -1549 -1573 -1585 1597 -1633 1621 0
a 1537 -1561 -1549 -1573 -1585 1597 1633 -1621 0
a 1537 -1561 -1549 -1573 -1585 1597 1633 1621 0
a 1537 -1561 -1549 -1573 1585 -1597 -1609 -1621 0
a 1537 -1561 -1549 -1573 1585 -1597 -1609 1621 0
a 1537 -1561 -1549 -1573 1585 -1597 1609 -1633 0
a 1537 -1561 -1549 -1573 1585 -1597 1609 1633 0
a 1537 -1561 -1549 -1573 1585 1597 -1598 -1602 0
a 1537 -1561 -1549 -1573 1585 1597 -1598 1602 0
a 1537 -1561 -1549 -1573 1585 1597 1598 -98 0
a 1537 -1561 -1549 -1573 1585 1597 1598 98 0
a 1537 -1561 -1549 1573 -35 -1582 -1581 -1580 0
a 1537 -1561 -1549 1573 -35 -1582 -1581 1580 0
a 1537 -1561 -1549 1573 -35 -1582 1581 -1597 0
a 1537 -1561 -1549 1573 -35 -1582 1581 1597 0
a 1537 -1561 -1549 1573 -35 1582 -1633 -1654 0
a 1537 -1561 -1549 1573 -35 1582 -1633 1654 0
a 1537 -1561 -1549 1573 -35 1582 1633 -36 0
a 1537 -1561 -1549 1573 -35 1582 1633 36 0
a 1537 -1561 -1549 1573 35 -1633 -1621 -1609 0
a 1537 -1561 -1549 1573 35 -1633 -1621 1609 0
a 1537 -1561 -1549 1573 35 -1633 1621 -1609 0
a 1537 -1561 -1549 1573 35 -1633 1621 1609 0
a 1537 -1561 -1549 1573 35 1633 -1597 -83 0
a 1537 -1561 -1549 1573 35 1633 -1597 83 0
a 1537 -1561 -1549 1573 35 1633 1597 -1642 0
a 1537 -1561 -1549 1573 35 1633 1597 1642 0
a 1537 -1561 1549 -1538 -1540 -41 -1546 -47 0
a 1537 -1561 1549 -1538 -1540 -41 -1546 47 0
a 1537 -1561 1549 -1538 -1540 -41 1546 -47 0
a 1537 -1561 1549 -1538 -1540 -41 1546 47 0
a 1537 -1561 1549 -1538 -1540 41 -77 -1573 0
a 1537 -1561 1549 -1538 -1540 41 -77 1573 0
a 1537 -1561 1549 -1538 -1540 41 77 -1590 0
a 1537 -1561 1549 -1538 -1540 41 77 1590 0
a 1537 -1561 1549 -1538 1540 -39 -41 -1585 0
a 1537 -1561 1549 -1538 1540 -39 -41 1585 0
a 1537 -1561 1549 -1538 1540 -39 41 -1589 0
a 1537 -1561 1549 -1538 1540 -39 41 1589 0
a 1537 -1561 1549 -1538 1540 39 -1575 -1588 0
a 1537 -1561 1549 -1538 1540 39 -1575 1588 0
a 1537 -1561 1549 -1538 1540 39 1575 -1600 0
a 1537 -1561 1549 -1538 1540 39 1575 1600 0
a 1537 -1561 1549 1538 -39 -40 1942 -1609 0
a 1537 -1561 1549 1538 -39 -40 1942 1609 0
a 1537 -1561 1549 1538 -39 -40 -1942 -1546 0
a 1537 -1561 1549 1538 -39 -40 -1942 1546 0
a 1537 -1561 1549 1538 -39 40 -1574 -74 0
a 1537 -1561 1549 1538 -39 40 -1574 74 0
a 1537 -1561 1549 1538 -39 40 1574 -74 0
a 1537 -1561 1549 1538 -39 40 1574 74 0
a 1537 -1561 1549 1538 39 -1575 -74 -1597 0
a 1537 -1561 1549 1538 39 -1575 -74 1597 0
a 1537 -1561 1549 1538 39 -1575 74 -1597 0
a 1537 -1561 1549 1538 39 -1575 74 1597 0
a 1537 -1561 1549 1538 39 1575 -74 -1598 0
a 1537 -1561 1549 1538 39 1575 -74 1598 0
a 1537 -1561 1549 1538 39 1575 74 -1599 0
a 1537 -1561 1549 1538 39 1575 74 1599 0
a 1537 1561 -1538 -1563 -1564 -1565 -1566 -1567 0
a 1537 1561 -1538 -1563 -1564 -1565 -1566 1567 0
a 1537 1561 -1538 -1563 -1564 -1565 1566 -1567 0
a 1537 1561 -1538 -1563 -1564 -1565 1566 1567 0
a 1537 1561 -1538 -1563 -1564 1565 -1567 -1542 0
a 1537 1561 -1538 -1563 -1564 1565 -1567 1542 0
a 1537 1561 -1538 -1563 -1564 1565 1567 -60 0
a 1537 1561 -1538 -1563 -1564 1565 1567 60 0
a 1537 1561 -1538 -1563 1564 -60 -35 -1546 0
a 1537 1561 -1538 -1563 1564 -60 -35 1546 0
a 1537 1561 -1538 -1563 1564 -60 35 -1566 0
a 1537 1561 -1538 -1563 1564 -60 35 1566 0
a 1537 1561 -1538 -1563 1564 60 -1600 -72 0
a 1537 1561 -1538 -1563 1564 60 -1600 72 0
a 1537 1561 -1538 -1563 1564 60 1600 -1565 0
a 1537 1561 -1538 -1563 1564 60 1600 1565 0
a 1537 1561 -1538 1563 -1564 -1565 -1585 -1573 0
a 1537 1561 -1538 1563 -1564 -1565 -1585 1573 0
a 1537 1561 -1538 1563 -1564 -1565 1585 -1566 0
a 1537 1561 -1538 1563 -1564 -1565 1585 1566 0
a 1537 1561 -1538 1563 -1564 1565 -77 -1573 0
a 1537 1561 -1538 1563 -1564 1565 -77 1573 0
a 1537 1561 -1538 1563 -1564 1565 77 -60 0
a 1537 1561 -1538 1563 -1564 1565 77 60 0
a 1537 1561 -1538 1563 1564 -1588 -1575 1108 0
a 1537 1561 -1538 1563 1564 -1588 -1575 -1108 0
a 1537 1561 -1538 1563 1564 -1588 1575 -1597 0
a 1537 1561 -1538 1563 1564 -1588 1575 1597 0
a 1537 1561 -1538 1563 1564 1588 -1573 -1549 0
a 1537 1561 -1538 1563 1564 1588 -1573 1549 0
a 1537 1561 -1538 1563 1564 1588 1573 -1565 0
a 1537 1561 -1538 1563 1564 1588 1573 1565 0
a 1537 1561 1538 -1550 -1573 -1564 -1597 -1622 0
a 1537 1561 1538 -1550 -1573 -1564 -1597 1622 0
a 1537 1561 1538 -1550 -1573 -1564 1597 -1585 0
a 1537 1561 1538 -1550 -1573 -1564 1597 1585 0
a 1537 1561 1538 -1550 -1573 1564 -1585 -1597 0
a 1537 1561 1538 -1550 -1573 1564 -1585 1597 0
a 1537 1561 1538 -1550 -1573 1564 1585 -1598 0
a 1537 1561 1538 -1550 -1573 1564 1585 1598 0
a 1537 1561 1538 -1550 1573 -74 -1576 -1609 0
a 1537 1561 1538 -1550 1573 -74 -1576 1609 0
a 1537 1561 1538 -1550 1573 -74 1576 -1597 0
a 1537 1561 1538 -1550 1573 -74 1576 1597 0
a 1537 1561 1538 -1550 1573 74 -1587 -1576 0
a 1537 1561 1538 -1550 1573 74 -1587 1576 0
a 1537 1561 1538 -1550 1573 74 1587 -1598 0
a 1537 1561 1538 -1550 1573 74 1587 1598 0
a 1537 1561 1538 1550 -1563 -1564 -60 -1565 0
a 1537 1561 1538 1550 -1563 -1564 -60 1565 0
a 1537 1561 1538 1550 -1563 -1564 60 -1559 0
a 1537 1561 1538 1550 -1563 -1564 60 1559 0
a 1537 1561 1538 1550 -1563 1564 -1565 -1566 0
a 1537 1561 1538 1550 -1563 1564 -1565 1566 0
a 1537 1561 1538 1550 -1563 1564 1565 -1577 0
a 1537 1561 1538 1550 -1563 1564 1565 1577 0
a 1537 1561 1538 1550 1563 -1564 -1575 -74 0
a 1537 1561 1538 1550 1563 -1564 -1575 74 0
a 1537 1561 1538 1550 1563 -1564 1575 -74 0
a 1537 1561 1538 1550 1563 -1564 1575 74 0
a 1537 1561 1538 1550 1563 1564 -1576 906 0
a 1537 1561 1538 1550 1563 1564 -1576 -906 0
a 1537 1561 1538 1550 1563 1564 1576 -74 0
a 1537 1561 1538 1550 1563 1564 1576 74 0
a -1537 1 -1561 -1633 -1621 -1609 -1597 -1573 0
a -1537 1 -1561 -1633 -1621 -1609 -1597 1573 0
a -1537 1 -1561 -1633 -1621 -1609 1597 -1645 0
a -1537 1 -1561 -1633 -1621 -1609 1597 1645 0
a -1537 1 -1561 -1633 -1621 1609 -1597 -1573 0
a -1537 1 -1561 -1633 -1621 1609 -1597 1573 0
a -1537 1 -1561 -1633 -1621 1609 1597 -1645 0
a -1537 1 -1561 -1633 -1621 1609 1597 1645 0
a -1537 1 -1561 -1633 1621 -1609 -1597 -1573 0
a -1537 1 -1561 -1633 1621 -1609 -1597 1573 0
a -1537 1 -1561 -1633 1621 -1609 1597 -1645 0
a -1537 1 -1561 -1633 1621 -1609 1597 1645 0
a -1537 1 -1561 -1633 1621 1609 -110 -107 0
a -1537 1 -1561 -1633 1621 1609 -110 107 0
a -1537 1 -1561 -1633 1621 1609 110 -1597 0
a -1537 1 -1561 -1633 1621 1609 110 1597 0
a -1537 1 -1561 1633 -1597 -1573 -1585 -1609 0
a -1537 1 -1561 1633 -1597 -1573 -1585 1609 0
a -1537 1 -1561 1633 -1597 -1573 1585 -1609 0
a -1537 1 -1561 1633 -1597 -1573 1585 1609 0
a -1537 1 -1561 1633 -1597 1573 -1585 -1609 0
a -1537 1 -1561 1633 -1597 1573 -1585 1609 0
a -1537 1 -1561 1633 -1597 1573 1585 -1634 0
a -1537 1 -1561 1633 -1597 1573 1585 1634 0
a -1537 1 -1561 1633 1597 -132 -1642 -1641 0
a -1537 1 -1561 1633 1597 -132 -1642 1641 0
a -1537 1 -1561 1633 1597 -132 1642 -1630 0
a -1537 1 -1561 1633 1597 -132 1642 1630 0
a -1537 1 -1561 1633 1597 132 -1573 -84 0
a -1537 1 -1561 1633 1597 132 -1573 84 0
a -1537 1 -1561 1633 1597 132 1573 -1642 0
a -1537 1 -1561 1633 1597 132 1573 1642 0
a -1537 1 1561 -60 -59 -1570 -57 -56 0
a -1537 1 1561 -60 -59 -1570 -57 56 0
a -1537 1 1561 -60 -59 -1570 57 -1562 0
a -1537 1 1561 -60 -59 -1570 57 1562 0
a -1537 1 1561 -60 -59 1570 -1573 -1563 0
a -1537 1 1561 -60 -59 1570 -1573 1563 0
a -1537 1 1561 -60 -59 1570 1573 -1574 0
a -1537 1 1561 -60 -59 1570 1573 1574 0
a -1537 1 1561 -60 59 -1573 -83 -1563 0
a -1537 1 1561 -60 59 -1573 -83 1563 0
a -1537 1 1561 -60 59 -1573 83 -1563 0
a -1537 1 1561 -60 59 -1573 83 1563 0
a -1537 1 1561 -60 59 1573 -1574 -1575 0
a -1537 1 1561 -60 59 1573 -1574 1575 0
a -1537 1 1561 -60 59 1573 1574 -74 0
a -1537 1 1561 -60 59 1573 1574 74 0
a -1537 1 1561 60 -1573 -84 -1608 -108 0
a -1537 1 1561 60 -1573 -84 -1608 108 0
a -1537 1 1561 60 -1573 -84 1608 917 0
a -1537 1 1561 60 -1573 -84 1608 -917 0
a -1537 1 1561 60 -1573 84 -1563 -1609 0
a -1537 1 1561 60 -1573 84 -1563 1609 0
a -1537 1 1561 60 -1573 84 1563 -1597 0
a -1537 1 1561 60 -1573 84 1563 1597 0
a -1537 1 1561 60 1573 -1574 -1575 -1576 0
a -1537 1 1561 60 1573 -1574 -1575 1576 0
a -1537 1 1561 60 1573 -1574 1575 -1608 0
a -1537 1 1561 60 1573 -1574 1575 1608 0
a -1537 1 1561 60 1573 1574 -74 -1597 0
a -1537 1 1561 60 1573 1574 -74 1597 0
a -1537 1 1561 60 1573 1574 74 -1575 0
a -1537 1 1561 60 1573 1574 74 1575 0
a -1537 -1 -1316 -1563 -4 -5 -10 -11 0
a -1537 -1 -1316 -1563 -4 -5 -10 11 0
a -1537 -1 -1316 -1563 -4 -5 10 -11 0
a -1537 -1 -1316 -1563 -4 -5 10 11 0
a -1537 -1 -1316 -1563 -4 5 -1577 -1587 0
a -1537 -1 -1316 -1563 -4 5 -1577 1587 0
a -1537 -1 -1316 -1563 -4 5 1577 -77 0
a -1537 -1 -1316 -1563 -4 5 1577 77 0
a -1537 -1 -1316 -1563 4 -1576 -1588 1736 0
a -1537 -1 -1316 -1563 4 -1576 -1588 -1736 0
a -1537 -1 -1316 -1563 4 -1576 1588 -1600 0
a -1537 -1 -1316 -1563 4 -1576 1588 1600 0
a -1537 -1 -1316 -1563 4 1576 -1588 -1600 0
a -1537 -1 -1316 -1563 4 1576 -1588 1600 0
a -1537 -1 -1316 -1563 4 1576 1588 -1600 0
a -1537 -1 -1316 -1563 4 1576 1588 1600 0
a -1537 -1 -1316 1563 -4 -5 -12 -11 0
a -1537 -1 -1316 1563 -4 -5 -12 11 0
a -1537 -1 -1316 1563 -4 -5 12 -11 0
a -1537 -1 -1316 1563 -4 -5 12 11 0
a -1537 -1 -1316 1563 -4 5 -6 -7 0
a -1537 -1 -1316 1563 -4 5 -6 7 0
a -1537 -1 -1316 1563 -4 5 6 -1590 0
a -1537 -1 -1316 1563 -4 5 6 1590 0
a -1537 -1 -1316 1563 4 -5 -1576 -1587 0
a -1537 -1 -1316 1563 4 -5 -1576 1587 0
a -1537 -1 -1316 1563 4 -5 1576 -1587 0
a -1537 -1 -1316 1563 4 -5 1576 1587 0
a -1537 -1 -1316 1563 4 5 -1577 917 0
a -1537 -1 -1316 1563 4 5 -1577 -917 0
a -1537 -1 -1316 1563 4 5 1577 -1589 0
a -1537 -1 -1316 1563 4 5 1577 1589 0
a -1537 -1 1316 -1925 1551 -4 -12 -5 0
a -1537 -1 1316 -1925 1551 -4 -12 5 0
a -1537 -1 1316 -1925 1551 -4 12 -60 0
a -1537 -1 1316 -1925 1551 -4 12 60 0
a -1537 -1 1316 -1925 1551 4 -1717 -1636 0
a -1537 -1 1316 -1925 1551 4 -1717 1636 0
a -1537 -1 1316 -1925 1551 4 1717 -5 0
a -1537 -1 1316 -1925 1551 4 1717 5 0
a -1537 -1 1316 -1925 -1551 -1635 -4 -11 0
a -1537 -1 1316 -1925 -1551 -1635 -4 11 0
a -1537 -1 1316 -1925 -1551 -1635 4 -333 0
a -1537 -1 1316 -1925 -1551 -1635 4 333 0
a -1537 -1 1316 -1925 -1551 1635 -4 -5 0
a -1537 -1 1316 -1925 -1551 1635 -4 5 0
a -1537 -1 1316 -1925 -1551 1635 4 -5 0
a -1537 -1 1316 -1925 -1551 1635 4 5 0
a -1537 -1 1316 1925 2039 1551 1623 -1635 0
a -1537 -1 1316 1925 2039 1551 1623 1635 0
a -1537 -1 1316 1925 2039 1551 -1623 -1660 0
a -1537 -1 1316 1925 2039 1551 -1623 1660 0
a -1537 -1 1316 1925 2039 -1551 1623 -1635 0
a -1537 -1 1316 1925 2039 -1551 1623 1635 0
a -1537 -1 1316 1925 2039 -1551 -1623 -1635 0
a -1537 -1 1316 1925 2039 -1551 -1623 1635 0
a -1537 -1 1316 1925 -2039 -1097 1623 1659 0
a -1537 -1 1316 1925 -2039 -1097 1623 -1659 0
a -1537 -1 1316 1925 -2039 -1097 -1623 1659 0
a -1537 -1 1316 1925 -2039 -1097 -1623 -1659 0
a -1537 -1 1316 1925 -2039 1097 -906 1623 0
a -1537 -1 1316 1925 -2039 1097 -906 -1623 0
a -1537 -1 1316 1925 -2039 1097 906 -2281 0
a -1537 -1 1316 1925 -2039 1097 906 2281 0
