a 32 -12 -11 -10 0
a 32 -12 -11 10 -9 0
a 32 -12 -11 10 9 -8 0
a 32 -12 -11 10 9 8 0
a 32 -12 11 -10 -9 0
a 32 -12 11 -10 9 -8 0
a 32 -12 11 -10 9 8 -7 0
a 32 -12 11 -10 9 8 7 -3 0
a 32 -12 11 -10 9 8 7 3 0
a 32 -12 11 10 -9 -3 0
a 32 -12 11 10 -9 3 -4 0
a 32 -12 11 10 -9 3 4 -5 0
a 32 -12 11 10 -9 3 4 5 0
a 32 -12 11 10 9 2056 -8 0
a 32 -12 11 10 9 2056 8 0
a 32 -12 11 10 9 -2056 -3 0
a 32 -12 11 10 9 -2056 3 -4 0
a 32 -12 11 10 9 -2056 3 4 0
a 32 12 -11 -10 -9 0
a 32 12 -11 -10 9 -2024 0
a 32 12 -11 -10 9 2024 -7 0
a 32 12 -11 -10 9 2024 7 -15 0
a 32 12 -11 -10 9 2024 7 15 0
a 32 12 -11 10 -9 -8 0
a 32 12 -11 10 -9 8 -7 -6 0
a 32 12 -11 10 -9 8 -7 6 0
a 32 12 -11 10 -9 8 7 -15 0
a 32 12 -11 10 -9 8 7 15 0
a 32 12 -11 10 9 -8 -3 -4 0
a 32 12 -11 10 9 -8 -3 4 0
a 32 12 -11 10 9 -8 3 -15 0
a 32 12 -11 10 9 -8 3 15 -4 0
a 32 12 -11 10 9 -8 3 15 4 0
a 32 12 -11 10 9 8 -15 -7 0
a 32 12 -11 10 9 8 -15 7 0
a 32 12 -11 10 9 8 15 -3 0
a 32 12 -11 10 9 8 15 3 1979 0
a 32 12 -11 10 9 8 15 3 -1979 0
a 32 12 11 -15 -3 -4 0
a 32 12 11 -15 -3 4 -5 0
a 32 12 11 -15 -3 4 5 -16 0
a 32 12 11 -15 -3 4 5 16 0
a 32 12 11 -15 3 -4 -5 0
a 32 12 11 -15 3 -4 5 -6 0
a 32 12 11 -15 3 -4 5 6 0
a 32 12 11 -15 3 4 -5 0
a 32 12 11 -15 3 4 5 -6 0
a 32 12 11 -15 3 4 5 6 -7 0
a 32 12 11 -15 3 4 5 6 7 0
a 32 12 11 15 -10 -3 -4 0
a 32 12 11 15 -10 -3 4 -5 0
a 32 12 11 15 -10 -3 4 5 249 0
a 32 12 11 15 -10 -3 4 5 -249 0
a 32 12 11 15 -10 3 1979 -5 0
a 32 12 11 15 -10 3 1979 5 -6 0
a 32 12 11 15 -10 3 1979 5 6 0
a 32 12 11 15 -10 3 -1979 -5 92 0
a 32 12 11 15 -10 3 -1979 -5 -92 0
a 32 12 11 15 -10 3 -1979 5 -6 0
a 32 12 11 15 -10 3 -1979 5 6 0
a 32 12 11 15 10 -3 -4 0
a 32 12 11 15 10 -3 4 -5 0
a 32 12 11 15 10 -3 4 5 249 0
a 32 12 11 15 10 -3 4 5 -249 0
a 32 12 11 15 10 3 -4 -5 0
a 32 12 11 15 10 3 -4 5 -6 0
a 32 12 11 15 10 3 -4 5 6 0
a 32 12 11 15 10 3 4 -5 92 0
a 32 12 11 15 10 3 4 -5 -92 0
a 32 12 11 15 10 3 4 5 -6 0
a 32 12 11 15 10 3 4 5 6 -7 0
a 32 12 11 15 10 3 4 5 6 7 0
a -32 -41 -12 -11 0
a -32 -41 -12 11 -10 0
a -32 -41 -12 11 10 -9 0
a -32 -41 -12 11 10 9 -4 0
a -32 -41 -12 11 10 9 4 0
a -32 -41 12 -11 -10 0
a -32 -41 12 -11 10 -9 -8 0
a -32 -41 12 -11 10 -9 8 0
a -32 -41 12 -11 10 9 -8 0
a -32 -41 12 -11 10 9 8 -4 0
a -32 -41 12 -11 10 9 8 4 -5 0
a -32 -41 12 -11 10 9 8 4 5 0
a -32 -41 12 11 -10 -9 0
a -32 -41 12 11 -10 9 -8 0
a -32 -41 12 11 -10 9 8 -7 0
a -32 -41 12 11 -10 9 8 7 0
a -32 -41 12 11 10 -1845 -9 0
a -32 -41 12 11 10 -1845 9 0
a -32 -41 12 11 10 1845 -4 0
a -32 -41 12 11 10 1845 4 -9 0
a -32 -41 12 11 10 1845 4 9 -2024 0
a -32 -41 12 11 10 1845 4 9 2024 0
a -32 41 -58 -12 -11 0
a -32 41 -58 -12 11 -10 0
a -32 41 -58 -12 11 10 -9 0
a -32 41 -58 -12 11 10 9 -5 0
a -32 41 -58 -12 11 10 9 5 0
a -32 41 -58 12 -11 -5 -6 0
a -32 41 -58 12 -11 -5 6 0
a -32 41 -58 12 -11 5 -6 0
a -32 41 -58 12 -11 5 6 -7 0
a -32 41 -58 12 -11 5 6 7 -8 0
a -32 41 -58 12 -11 5 6 7 8 0
a -32 41 -58 12 11 -10 -5 -6 0
a -32 41 -58 12 11 -10 -5 6 0
a -32 41 -58 12 11 -10 5 -15 0
a -32 41 -58 12 11 -10 5 15 -6 0
a -32 41 -58 12 11 -10 5 15 6 0
a -32 41 -58 12 11 10 -15 0
a -32 41 -58 12 11 10 15 -5 -6 0
a -32 41 -58 12 11 10 15 -5 6 0
a -32 41 -58 12 11 10 15 5 -6 0
a -32 41 -58 12 11 10 15 5 6 -7 0
a -32 41 -58 12 11 10 15 5 6 7 0
a -32 41 58 -75 2 -12 0
a -32 41 58 -75 2 12 -11 0
a -32 41 58 -75 2 12 11 -10 0
a -32 41 58 -75 2 12 11 10 -6 0
a -32 41 58 -75 2 12 11 10 6 0
a -32 41 58 -75 -2 -12 0
a -32 41 58 -75 -2 12 -11 0
a -32 41 58 -75 -2 12 11 -10 0
a -32 41 58 -75 -2 12 11 10 -2035 0
a -32 41 58 -75 -2 12 11 10 2035 0
a -32 41 58 75 -92 2 0
a -32 41 58 75 -92 -2 -12 0
a -32 41 58 75 -92 -2 12 -11 -3 0
a -32 41 58 75 -92 -2 12 -11 3 0
a -32 41 58 75 -92 -2 12 11 -10 0
a -32 41 58 75 -92 -2 12 11 10 -3 0
a -32 41 58 75 -92 -2 12 11 10 3 -15 0
a -32 41 58 75 -92 -2 12 11 10 3 15 0
a -32 41 58 75 92 -109 2 0
a -32 41 58 75 92 -109 -2 3 0
a -32 41 58 75 92 -109 -2 -3 0
a -32 41 58 75 92 109 -126 2 0
a -32 41 58 75 92 109 -126 -2 4 0
a -32 41 58 75 92 109 -126 -2 -4 -3 0
a -32 41 58 75 92 109 -126 -2 -4 3 0
a -32 41 58 75 92 109 126 -143 2 0
a -32 41 58 75 92 109 126 -143 -2 5 0
a -32 41 58 75 92 109 126 -143 -2 -5 0
a -32 41 58 75 92 109 126 143 -160 2 0
a -32 41 58 75 92 109 126 143 -160 -2 5 0
a -32 41 58 75 92 109 126 143 -160 -2 -5 0
a -32 41 58 75 92 109 126 143 160 196 165 -7 -5 -3 0
a -32 41 58 75 92 109 126 143 160 196 165 -7 -5 3 1812 0
a -32 41 58 75 92 109 126 143 160 196 165 -7 -5 3 -1812 0
a -32 41 58 75 92 109 126 143 160 196 165 -7 5 1814 0
a -32 41 58 75 92 109 126 143 160 196 165 -7 5 -1814 -6 0
a -32 41 58 75 92 109 126 143 160 196 165 -7 5 -1814 6 -12 0
a -32 41 58 75 92 109 126 143 160 196 165 -7 5 -1814 6 12 -1845 0
a -32 41 58 75 92 109 126 143 160 196 165 -7 5 -1814 6 12 1845 0
a -32 41 58 75 92 109 126 143 160 196 165 7 1816 2 0
a -32 41 58 75 92 109 126 143 160 196 165 7 1816 -2 0
a -32 41 58 75 92 109 126 143 160 196 165 7 -1816 -8 -12 0
a -32 41 58 75 92 109 126 143 160 196 165 7 -1816 -8 12 -1845 0
a -32 41 58 75 92 109 126 143 160 196 165 7 -1816 -8 12 1845 0
a -32 41 58 75 92 109 126 143 160 196 165 7 -1816 8 -12 -10 0
a -32 41 58 75 92 109 126 143 160 196 165 7 -1816 8 -12 10 0
a -32 41 58 75 92 109 126 143 160 196 165 7 -1816 8 12 -1845 0
a -32 41 58 75 92 109 126 143 160 196 165 7 -1816 8 12 1845 -10 0
a -32 41 58 75 92 109 126 143 160 196 165 7 -1816 8 12 1845 10 -1881 0
a -32 41 58 75 92 109 126 143 160 196 165 7 -1816 8 12 1845 10 1881 0
a -32 41 58 75 92 109 126 143 160 196 -165 1818 2 0
a -32 41 58 75 92 109 126 143 160 196 -165 1818 -2 0
a -32 41 58 75 92 109 126 143 160 196 -165 -1818 -12 -10 -8 0
a -32 41 58 75 92 109 126 143 160 196 -165 -1818 -12 -10 8 0
a -32 41 58 75 92 109 126 143 160 196 -165 -1818 -12 10 -1842 0
a -32 41 58 75 92 109 126 143 160 196 -165 -1818 -12 10 1842 -8 0
a -32 41 58 75 92 109 126 143 160 196 -165 -1818 -12 10 1842 8 -2034 0
a -32 41 58 75 92 109 126 143 160 196 -165 -1818 -12 10 1842 8 2034 0
a -32 41 58 75 92 109 126 143 160 196 -165 -1818 12 -1845 -1854 0
a -32 41 58 75 92 109 126 143 160 196 -165 -1818 12 -1845 1854 -1866 0
a -32 41 58 75 92 109 126 143 160 196 -165 -1818 12 -1845 1854 1866 -1878 0
a -32 41 58 75 92 109 126 143 160 196 -165 -1818 12 -1845 1854 1866 1878 0
a -32 41 58 75 92 109 126 143 160 196 -165 -1818 12 1845 -10 -8 -7 0
a -32 41 58 75 92 109 126 143 160 196 -165 -1818 12 1845 -10 -8 7 0
a -32 41 58 75 92 109 126 143 160 196 -165 -1818 12 1845 -10 8 -2034 0
a -32 41 58 75 92 109 126 143 160 196 -165 -1818 12 1845 -10 8 2034 -6 0
a -32 41 58 75 92 109 126 143 160 196 -165 -1818 12 1845 -10 8 2034 6 0
a -32 41 58 75 92 109 126 143 160 196 -165 -1818 12 1845 10 -8 841 0
a -32 41 58 75 92 109 126 143 160 196 -165 -1818 12 1845 10 -8 -841 -1868 0
a -32 41 58 75 92 109 126 143 160 196 -165 -1818 12 1845 10 -8 -841 1868 0
a -32 41 58 75 92 109 126 143 160 196 -165 -1818 12 1845 10 8 -1890 0
a -32 41 58 75 92 109 126 143 160 196 -165 -1818 12 1845 10 8 1890 -1904 0
a -32 41 58 75 92 109 126 143 160 196 -165 -1818 12 1845 10 8 1890 1904 -1917 0
a -32 41 58 75 92 109 126 143 160 196 -165 -1818 12 1845 10 8 1890 1904 1917 0
a -32 41 58 75 92 109 126 143 160 -196 -11 1915 -9 -8 2270 0
a -32 41 58 75 92 109 126 143 160 -196 -11 1915 -9 -8 -2270 0
a -32 41 58 75 92 109 126 143 160 -196 -11 1915 -9 8 -7 -6 0
a -32 41 58 75 92 109 126 143 160 -196 -11 1915 -9 8 -7 6 -12 0
a -32 41 58 75 92 109 126 143 160 -196 -11 1915 -9 8 -7 6 12 0
a -32 41 58 75 92 109 126 143 160 -196 -11 1915 -9 8 7 -2056 -6 0
a -32 41 58 75 92 109 126 143 160 -196 -11 1915 -9 8 7 -2056 6 0
a -32 41 58 75 92 109 126 143 160 -196 -11 1915 -9 8 7 2056 -6 0
a -32 41 58 75 92 109 126 143 160 -196 -11 1915 -9 8 7 2056 6 -291 0
a -32 41 58 75 92 109 126 143 160 -196 -11 1915 -9 8 7 2056 6 291 0
a -32 41 58 75 92 109 126 143 160 -196 -11 1915 9 -165 -2056 0
a -32 41 58 75 92 109 126 143 160 -196 -11 1915 9 -165 2056 -8 -7 0
a -32 41 58 75 92 109 126 143 160 -196 -11 1915 9 -165 2056 -8 7 0
a -32 41 58 75 92 109 126 143 160 -196 -11 1915 9 -165 2056 8 -2034 0
a -32 41 58 75 92 109 126 143 160 -196 -11 1915 9 -165 2056 8 2034 -1900 0
a -32 41 58 75 92 109 126 143 160 -196 -11 1915 9 -165 2056 8 2034 1900 0
a -32 41 58 75 92 109 126 143 160 -196 -11 1915 9 165 -1902 0
a -32 41 58 75 92 109 126 143 160 -196 -11 1915 9 165 1902 -8 -7 0
a -32 41 58 75 92 109 126 143 160 -196 -11 1915 9 165 1902 -8 7 -6 0
a -32 41 58 75 92 109 126 143 160 -196 -11 1915 9 165 1902 -8 7 6 0
a -32 41 58 75 92 109 126 143 160 -196 -11 1915 9 165 1902 8 -1889 0
a -32 41 58 75 92 109 126 143 160 -196 -11 1915 9 165 1902 8 1889 -12 0
a -32 41 58 75 92 109 126 143 160 -196 -11 1915 9 165 1902 8 1889 12 -1926 0
a -32 41 58 75 92 109 126 143 160 -196 -11 1915 9 165 1902 8 1889 12 1926 0
a -32 41 58 75 92 109 126 143 160 -196 -11 -1915 10 -1843 0
a -32 41 58 75 92 109 126 143 160 -196 -11 -1915 10 1843 -9 0
a -32 41 58 75 92 109 126 143 160 -196 -11 -1915 10 1843 9 1830 0
a -32 41 58 75 92 109 126 143 160 -196 -11 -1915 10 1843 9 -1830 0
a -32 41 58 75 92 109 126 143 160 -196 -11 -1915 -10 1842 -8 0
a -32 41 58 75 92 109 126 143 160 -196 -11 -1915 -10 1842 8 1829 0
a -32 41 58 75 92 109 126 143 160 -196 -11 -1915 -10 1842 8 -1829 -7 0
a -32 41 58 75 92 109 126 143 160 -196 -11 -1915 -10 1842 8 -1829 7 0
a -32 41 58 75 92 109 126 143 160 -196 -11 -1915 -10 -1842 9 0
a -32 41 58 75 92 109 126 143 160 -196 -11 -1915 -10 -1842 -9 0
a -32 41 58 75 92 109 126 143 160 -196 11 -1844 -1856 0
a -32 41 58 75 92 109 126 143 160 -196 11 -1844 1856 -12 0
a -32 41 58 75 92 109 126 143 160 -196 11 -1844 1856 12 -1869 0
a -32 41 58 75 92 109 126 143 160 -196 11 -1844 1856 12 1869 -1881 0
a -32 41 58 75 92 109 126 143 160 -196 11 -1844 1856 12 1869 1881 -10 0
a -32 41 58 75 92 109 126 143 160 -196 11 -1844 1856 12 1869 1881 10 0
a -32 41 58 75 92 109 126 143 160 -196 11 1844 -12 -10 -9 0
a -32 41 58 75 92 109 126 143 160 -196 11 1844 -12 -10 9 0
a -32 41 58 75 92 109 126 143 160 -196 11 1844 -12 10 -3 -4 0
a -32 41 58 75 92 109 126 143 160 -196 11 1844 -12 10 -3 4 -2 0
a -32 41 58 75 92 109 126 143 160 -196 11 1844 -12 10 -3 4 2 0
a -32 41 58 75 92 109 126 143 160 -196 11 1844 -12 10 3 -1932 0
a -32 41 58 75 92 109 126 143 160 -196 11 1844 -12 10 3 1932 -4 0
a -32 41 58 75 92 109 126 143 160 -196 11 1844 -12 10 3 1932 4 -1921 0
a -32 41 58 75 92 109 126 143 160 -196 11 1844 -12 10 3 1932 4 1921 -5 0
a -32 41 58 75 92 109 126 143 160 -196 11 1844 -12 10 3 1932 4 1921 5 -1813 0
a -32 41 58 75 92 109 126 143 160 -196 11 1844 -12 10 3 1932 4 1921 5 1813 0
a -32 41 58 75 92 109 126 143 160 -196 11 1844 12 -1820 -1857 0
a -32 41 58 75 92 109 126 143 160 -196 11 1844 12 -1820 1857 -1869 0
a -32 41 58 75 92 109 126 143 160 -196 11 1844 12 -1820 1857 1869 -1881 0
a -32 41 58 75 92 109 126 143 160 -196 11 1844 12 -1820 1857 1869 1881 -10 0
a -32 41 58 75 92 109 126 143 160 -196 11 1844 12 -1820 1857 1869 1881 10 0
a -32 41 58 75 92 109 126 143 160 -196 11 1844 12 1820 -9 -10 -8 0
a -32 41 58 75 92 109 126 143 160 -196 11 1844 12 1820 -9 -10 8 0
a -32 41 58 75 92 109 126 143 160 -196 11 1844 12 1820 -9 10 -8 0
a -32 41 58 75 92 109 126 143 160 -196 11 1844 12 1820 -9 10 8 -1868 0
a -32 41 58 75 92 109 126 143 160 -196 11 1844 12 1820 -9 10 8 1868 -1853 0
a -32 41 58 75 92 109 126 143 160 -196 11 1844 12 1820 -9 10 8 1868 1853 0
a -32 41 58 75 92 109 126 143 160 -196 11 1844 12 1820 9 -10 -7 0
a -32 41 58 75 92 109 126 143 160 -196 11 1844 12 1820 9 -10 7 -8 0
a -32 41 58 75 92 109 126 143 160 -196 11 1844 12 1820 9 -10 7 8 -1856 0
a -32 41 58 75 92 109 126 143 160 -196 11 1844 12 1820 9 -10 7 8 1856 0
a -32 41 58 75 92 109 126 143 160 -196 11 1844 12 1820 9 10 -1879 0
a -32 41 58 75 92 109 126 143 160 -196 11 1844 12 1820 9 10 1879 -1866 0
a -32 41 58 75 92 109 126 143 160 -196 11 1844 12 1820 9 10 1879 1866 -8 0
a -32 41 58 75 92 109 126 143 160 -196 11 1844 12 1820 9 10 1879 1866 8 -1889 0
a -32 41 58 75 92 109 126 143 160 -196 11 1844 12 1820 9 10 1879 1866 8 1889 0
