a 2616 3376 -7 2699 -4 0
a 2616 3376 -7 2699 4 -17 0
a 2616 3376 -7 2699 4 17 -2707 0
a 2616 3376 -7 2699 4 17 2707 0
a 2616 3376 -7 -2699 -4 -5 0
a 2616 3376 -7 -2699 -4 5 -2 0
a 2616 3376 -7 -2699 -4 5 2 -8 0
a 2616 3376 -7 -2699 -4 5 2 8 0
a 2616 3376 -7 -2699 4 -10 -12 0
a 2616 3376 -7 -2699 4 -10 12 -9 0
a 2616 3376 -7 -2699 4 -10 12 9 0
a 2616 3376 -7 -2699 4 10 -1810 0
a 2616 3376 -7 -2699 4 10 1810 -12 0
a 2616 3376 -7 -2699 4 10 1810 12 -11 0
a 2616 3376 -7 -2699 4 10 1810 12 11 0
a 2616 3376 7 -20 4907 0
a 2616 3376 7 -20 -4907 2699 0
a 2616 3376 7 -20 -4907 -2699 -4 0
a 2616 3376 7 -20 -4907 -2699 4 0
a 2616 3376 7 20 2699 -4 1950 0
a 2616 3376 7 20 2699 -4 -1950 0
a 2616 3376 7 20 2699 4 1950 0
a 2616 3376 7 20 2699 4 -1950 -17 0
a 2616 3376 7 20 2699 4 -1950 17 3378 0
a 2616 3376 7 20 2699 4 -1950 17 -3378 0
a 2616 3376 7 20 -2699 -4 -10 -5 0
a 2616 3376 7 20 -2699 -4 -10 5 -11 0
a 2616 3376 7 20 -2699 -4 -10 5 11 0
a 2616 3376 7 20 -2699 -4 10 -1810 0
a 2616 3376 7 20 -2699 -4 10 1810 1950 0
a 2616 3376 7 20 -2699 -4 10 1810 -1950 -5 0
a 2616 3376 7 20 -2699 -4 10 1810 -1950 5 0
a 2616 3376 7 20 -2699 4 1950 3378 0
a 2616 3376 7 20 -2699 4 1950 -3378 0
a 2616 3376 7 20 -2699 4 -1950 3404 0
a 2616 3376 7 20 -2699 4 -1950 -3404 -10 0
a 2616 3376 7 20 -2699 4 -1950 -3404 10 3378 0
a 2616 3376 7 20 -2699 4 -1950 -3404 10 -3378 0
a 2616 -3376 1864 2699 -4 1947 0
a 2616 -3376 1864 2699 -4 -1947 -10 0
a 2616 -3376 1864 2699 -4 -1947 10 3448 0
a 2616 -3376 1864 2699 -4 -1947 10 -3448 0
a 2616 -3376 1864 2699 4 1947 -10 0
a 2616 -3376 1864 2699 4 1947 10 0
a 2616 -3376 1864 2699 4 -1947 -10 -11 0
a 2616 -3376 1864 2699 4 -1947 -10 11 -1927 0
a 2616 -3376 1864 2699 4 -1947 -10 11 1927 0
a 2616 -3376 1864 2699 4 -1947 10 -17 0
a 2616 -3376 1864 2699 4 -1947 10 17 -14 0
a 2616 -3376 1864 2699 4 -1947 10 17 14 0
a 2616 -3376 1864 -2699 -4 -10 1947 0
a 2616 -3376 1864 -2699 -4 -10 -1947 -11 0
a 2616 -3376 1864 -2699 -4 -10 -1947 11 -5 0
a 2616 -3376 1864 -2699 -4 -10 -1947 11 5 0
a 2616 -3376 1864 -2699 -4 10 -1810 -5 0
a 2616 -3376 1864 -2699 -4 10 -1810 5 -2 0
a 2616 -3376 1864 -2699 -4 10 -1810 5 2 0
a 2616 -3376 1864 -2699 -4 10 1810 -5 -6 0
a 2616 -3376 1864 -2699 -4 10 1810 -5 6 0
a 2616 -3376 1864 -2699 -4 10 1810 5 -2 0
a 2616 -3376 1864 -2699 -4 10 1810 5 2 -3347 0
a 2616 -3376 1864 -2699 -4 10 1810 5 2 3347 0
a 2616 -3376 1864 -2699 4 1947 -10 3448 0
a 2616 -3376 1864 -2699 4 1947 -10 -3448 0
a 2616 -3376 1864 -2699 4 1947 10 -23 0
a 2616 -3376 1864 -2699 4 1947 10 23 -1955 0
a 2616 -3376 1864 -2699 4 1947 10 23 1955 0
a 2616 -3376 1864 -2699 4 -1947 -10 -11 -12 0
a 2616 -3376 1864 -2699 4 -1947 -10 -11 12 0
a 2616 -3376 1864 -2699 4 -1947 -10 11 -1927 0
a 2616 -3376 1864 -2699 4 -1947 -10 11 1927 -3347 0
a 2616 -3376 1864 -2699 4 -1947 -10 11 1927 3347 0
a 2616 -3376 1864 -2699 4 -1947 10 -12 -6 0
a 2616 -3376 1864 -2699 4 -1947 10 -12 6 0
a 2616 -3376 1864 -2699 4 -1947 10 12 -11 -5 0
a 2616 -3376 1864 -2699 4 -1947 10 12 -11 5 0
a 2616 -3376 1864 -2699 4 -1947 10 12 11 -8 0
a 2616 -3376 1864 -2699 4 -1947 10 12 11 8 -9 0
a 2616 -3376 1864 -2699 4 -1947 10 12 11 8 9 0
a 2616 -3376 -1864 -8 4907 -12 0
a 2616 -3376 -1864 -8 4907 12 -2004 0
a 2616 -3376 -1864 -8 4907 12 2004 -4 0
a 2616 -3376 -1864 -8 4907 12 2004 4 0
a 2616 -3376 -1864 -8 -4907 -12 -10 0
a 2616 -3376 -1864 -8 -4907 -12 10 -11 0
a 2616 -3376 -1864 -8 -4907 -12 10 11 0
a 2616 -3376 -1864 -8 -4907 12 -4 -11 0
a 2616 -3376 -1864 -8 -4907 12 -4 11 -3 0
a 2616 -3376 -1864 -8 -4907 12 -4 11 3 0
a 2616 -3376 -1864 -8 -4907 12 4 -2562 0
a 2616 -3376 -1864 -8 -4907 12 4 2562 -11 0
a 2616 -3376 -1864 -8 -4907 12 4 2562 11 -10 0
a 2616 -3376 -1864 -8 -4907 12 4 2562 11 10 0
a 2616 -3376 -1864 8 -4 2699 -11 0
a 2616 -3376 -1864 8 -4 2699 11 -10 0
a 2616 -3376 -1864 8 -4 2699 11 10 0
a 2616 -3376 -1864 8 -4 -2699 -11 -5 0
a 2616 -3376 -1864 8 -4 -2699 -11 5 -2 0
a 2616 -3376 -1864 8 -4 -2699 -11 5 2 0
a 2616 -3376 -1864 8 -4 -2699 11 -10 0
a 2616 -3376 -1864 8 -4 -2699 11 10 -1810 0
a 2616 -3376 -1864 8 -4 -2699 11 10 1810 -5 0
a 2616 -3376 -1864 8 -4 -2699 11 10 1810 5 -2 0
a 2616 -3376 -1864 8 -4 -2699 11 10 1810 5 2 0
a 2616 -3376 -1864 8 4 -2562 1947 0
a 2616 -3376 -1864 8 4 -2562 -1947 -10 0
a 2616 -3376 -1864 8 4 -2562 -1947 10 -11 0
a 2616 -3376 -1864 8 4 -2562 -1947 10 11 -12 0
a 2616 -3376 -1864 8 4 -2562 -1947 10 11 12 0
a 2616 -3376 -1864 8 4 2562 -11 -10 0
a 2616 -3376 -1864 8 4 2562 -11 10 -1810 0
a 2616 -3376 -1864 8 4 2562 -11 10 1810 -5 0
a 2616 -3376 -1864 8 4 2562 -11 10 1810 5 0
a 2616 -3376 -1864 8 4 2562 11 -10 -2 0
a 2616 -3376 -1864 8 4 2562 11 -10 2 0
a 2616 -3376 -1864 8 4 2562 11 10 -1810 0
a 2616 -3376 -1864 8 4 2562 11 10 1810 -12 0
a 2616 -3376 -1864 8 4 2562 11 10 1810 12 -9 0
a 2616 -3376 -1864 8 4 2562 11 10 1810 12 9 0
a -2616 13 -2 3138 -4 0
a -2616 13 -2 3138 4 -10 0
a -2616 13 -2 3138 4 10 0
a -2616 13 -2 -3138 3376 -7 0
a -2616 13 -2 -3138 3376 7 -20 0
a -2616 13 -2 -3138 3376 7 20 -10 0
a -2616 13 -2 -3138 3376 7 20 10 0
a -2616 13 -2 -3138 -3376 -7 -8 0
a -2616 13 -2 -3138 -3376 -7 8 0
a -2616 13 -2 -3138 -3376 7 -10 -6 0
a -2616 13 -2 -3138 -3376 7 -10 6 0
a -2616 13 -2 -3138 -3376 7 10 -1810 0
a -2616 13 -2 -3138 -3376 7 10 1810 -6 0
a -2616 13 -2 -3138 -3376 7 10 1810 6 0
a -2616 13 2 3376 -7 -8 0
a -2616 13 2 3376 -7 8 -20 0
a -2616 13 2 3376 -7 8 20 0
a -2616 13 2 3376 7 -20 4907 0
a -2616 13 2 3376 7 -20 -4907 2699 0
a -2616 13 2 3376 7 -20 -4907 -2699 0
a -2616 13 2 3376 7 20 2699 1950 0
a -2616 13 2 3376 7 20 2699 -1950 0
a -2616 13 2 3376 7 20 -2699 -4 -5 0
a -2616 13 2 3376 7 20 -2699 -4 5 0
a -2616 13 2 3376 7 20 -2699 4 -10 -8 0
a -2616 13 2 3376 7 20 -2699 4 -10 8 0
a -2616 13 2 3376 7 20 -2699 4 10 -1810 0
a -2616 13 2 3376 7 20 -2699 4 10 1810 -5 0
a -2616 13 2 3376 7 20 -2699 4 10 1810 5 0
a -2616 13 2 -3376 -1864 -8 4907 0
a -2616 13 2 -3376 -1864 -8 -4907 -12 0
a -2616 13 2 -3376 -1864 -8 -4907 12 0
a -2616 13 2 -3376 -1864 8 -11 -5 0
a -2616 13 2 -3376 -1864 8 -11 5 0
a -2616 13 2 -3376 -1864 8 11 -10 0
a -2616 13 2 -3376 -1864 8 11 10 -1810 0
a -2616 13 2 -3376 -1864 8 11 10 1810 0
a -2616 13 2 -3376 1864 -10 1947 -5 0
a -2616 13 2 -3376 1864 -10 1947 5 -4 0
a -2616 13 2 -3376 1864 -10 1947 5 4 0
a -2616 13 2 -3376 1864 -10 -1947 -5 -4 0
a -2616 13 2 -3376 1864 -10 -1947 -5 4 -2562 0
a -2616 13 2 -3376 1864 -10 -1947 -5 4 2562 0
a -2616 13 2 -3376 1864 -10 -1947 5 -4 0
a -2616 13 2 -3376 1864 -10 -1947 5 4 -2562 0
a -2616 13 2 -3376 1864 -10 -1947 5 4 2562 -8 0
a -2616 13 2 -3376 1864 -10 -1947 5 4 2562 8 0
a -2616 13 2 -3376 1864 10 -1810 2699 0
a -2616 13 2 -3376 1864 10 -1810 -2699 -4 0
a -2616 13 2 -3376 1864 10 -1810 -2699 4 -5 0
a -2616 13 2 -3376 1864 10 -1810 -2699 4 5 0
a -2616 13 2 -3376 1864 10 1810 -5 -4 0
a -2616 13 2 -3376 1864 10 1810 -5 4 -2562 0
a -2616 13 2 -3376 1864 10 1810 -5 4 2562 -11 0
a -2616 13 2 -3376 1864 10 1810 -5 4 2562 11 0
a -2616 13 2 -3376 1864 10 1810 5 -4 0
a -2616 13 2 -3376 1864 10 1810 5 4 -2562 0
a -2616 13 2 -3376 1864 10 1810 5 4 2562 -8 0
a -2616 13 2 -3376 1864 10 1810 5 4 2562 8 0
a -2616 -13 -19 -22 -16 0
a -2616 -13 -19 -22 16 -4 -1 0
a -2616 -13 -19 -22 16 -4 1 0
a -2616 -13 -19 -22 16 4 2670 0
a -2616 -13 -19 -22 16 4 -2670 -14 0
a -2616 -13 -19 -22 16 4 -2670 14 0
a -2616 -13 -19 22 3403 -10 -7 0
a -2616 -13 -19 22 3403 -10 7 0
a -2616 -13 -19 22 3403 10 -7 0
a -2616 -13 -19 22 3403 10 7 -20 0
a -2616 -13 -19 22 3403 10 7 20 0
a -2616 -13 -19 22 -3403 -10 -7 -11 0
a -2616 -13 -19 22 -3403 -10 -7 11 -8 0
a -2616 -13 -19 22 -3403 -10 -7 11 8 0
a -2616 -13 -19 22 -3403 -10 7 -20 0
a -2616 -13 -19 22 -3403 -10 7 20 3378 0
a -2616 -13 -19 22 -3403 -10 7 20 -3378 -1 0
a -2616 -13 -19 22 -3403 -10 7 20 -3378 1 0
a -2616 -13 -19 22 -3403 10 -7 -4 -1 0
a -2616 -13 -19 22 -3403 10 -7 -4 1 0
a -2616 -13 -19 22 -3403 10 -7 4 -1 0
a -2616 -13 -19 22 -3403 10 -7 4 1 -14 0
a -2616 -13 -19 22 -3403 10 -7 4 1 14 0
a -2616 -13 -19 22 -3403 10 7 -20 0
a -2616 -13 -19 22 -3403 10 7 20 3378 0
a -2616 -13 -19 22 -3403 10 7 20 -3378 -1 0
a -2616 -13 -19 22 -3403 10 7 20 -3378 1 0
a -2616 -13 19 -1864 -8 4907 -1 0
a -2616 -13 19 -1864 -8 4907 1 -26 0
a -2616 -13 19 -1864 -8 4907 1 26 0
a -2616 -13 19 -1864 -8 -4907 -1 -2 0
a -2616 -13 19 -1864 -8 -4907 -1 2 0
a -2616 -13 19 -1864 -8 -4907 1 3134 0
a -2616 -13 19 -1864 -8 -4907 1 -3134 -12 0
a -2616 -13 19 -1864 -8 -4907 1 -3134 12 -4 0
a -2616 -13 19 -1864 -8 -4907 1 -3134 12 4 0
a -2616 -13 19 -1864 8 -1 -2 0
a -2616 -13 19 -1864 8 -1 2 -43 0
a -2616 -13 19 -1864 8 -1 2 43 -5 0
a -2616 -13 19 -1864 8 -1 2 43 5 0
a -2616 -13 19 -1864 8 1 -26 -15 0
a -2616 -13 19 -1864 8 1 -26 15 1947 0
a -2616 -13 19 -1864 8 1 -26 15 -1947 0
a -2616 -13 19 -1864 8 1 26 1947 2702 0
a -2616 -13 19 -1864 8 1 26 1947 -2702 -20 0
a -2616 -13 19 -1864 8 1 26 1947 -2702 20 0
a -2616 -13 19 -1864 8 1 26 -1947 -10 -11 0
a -2616 -13 19 -1864 8 1 26 -1947 -10 11 0
a -2616 -13 19 -1864 8 1 26 -1947 10 -4 -2 0
a -2616 -13 19 -1864 8 1 26 -1947 10 -4 2 0
a -2616 -13 19 -1864 8 1 26 -1947 10 4 -2562 0
a -2616 -13 19 -1864 8 1 26 -1947 10 4 2562 -11 0
a -2616 -13 19 -1864 8 1 26 -1947 10 4 2562 11 0
a -2616 -13 19 1864 3314 1947 -10 0
a -2616 -13 19 1864 3314 1947 10 -23 0
a -2616 -13 19 1864 3314 1947 10 23 -1955 0
a -2616 -13 19 1864 3314 1947 10 23 1955 3378 0
a -2616 -13 19 1864 3314 1947 10 23 1955 -3378 0
a -2616 -13 19 1864 3314 -1947 -10 -11 0
a -2616 -13 19 1864 3314 -1947 -10 11 -8 0
a -2616 -13 19 1864 3314 -1947 -10 11 8 -2 0
a -2616 -13 19 1864 3314 -1947 -10 11 8 2 -43 0
a -2616 -13 19 1864 3314 -1947 -10 11 8 2 43 0
a -2616 -13 19 1864 3314 -1947 10 -4 -12 0
a -2616 -13 19 1864 3314 -1947 10 -4 12 -6 0
a -2616 -13 19 1864 3314 -1947 10 -4 12 6 0
a -2616 -13 19 1864 3314 -1947 10 4 -2562 0
a -2616 -13 19 1864 3314 -1947 10 4 2562 -12 0
a -2616 -13 19 1864 3314 -1947 10 4 2562 12 -11 0
a -2616 -13 19 1864 3314 -1947 10 4 2562 12 11 -5 0
a -2616 -13 19 1864 3314 -1947 10 4 2562 12 11 5 0
a -2616 -13 19 1864 -3314 -26 -2635 0
a -2616 -13 19 1864 -3314 -26 2635 1947 0
a -2616 -13 19 1864 -3314 -26 2635 -1947 -10 0
a -2616 -13 19 1864 -3314 -26 2635 -1947 10 0
a -2616 -13 19 1864 -3314 26 1947 -10 2702 0
a -2616 -13 19 1864 -3314 26 1947 -10 -2702 0
a -2616 -13 19 1864 -3314 26 1947 10 2702 0
a -2616 -13 19 1864 -3314 26 1947 10 -2702 -23 0
a -2616 -13 19 1864 -3314 26 1947 10 -2702 23 -20 0
a -2616 -13 19 1864 -3314 26 1947 10 -2702 23 20 0
a -2616 -13 19 1864 -3314 26 -1947 -10 -4 -11 0
a -2616 -13 19 1864 -3314 26 -1947 -10 -4 11 -5 0
a -2616 -13 19 1864 -3314 26 -1947 -10 -4 11 5 0
a -2616 -13 19 1864 -3314 26 -1947 -10 4 -2562 0
a -2616 -13 19 1864 -3314 26 -1947 -10 4 2562 -20 0
a -2616 -13 19 1864 -3314 26 -1947 -10 4 2562 20 3408 0
a -2616 -13 19 1864 -3314 26 -1947 -10 4 2562 20 -3408 0
a -2616 -13 19 1864 -3314 26 -1947 10 2702 -20 0
a -2616 -13 19 1864 -3314 26 -1947 10 2702 20 0
a -2616 -13 19 1864 -3314 26 -1947 10 -2702 3403 0
a -2616 -13 19 1864 -3314 26 -1947 10 -2702 -3403 -4 -20 0
a -2616 -13 19 1864 -3314 26 -1947 10 -2702 -3403 -4 20 0
a -2616 -13 19 1864 -3314 26 -1947 10 -2702 -3403 4 -20 0
a -2616 -13 19 1864 -3314 26 -1947 10 -2702 -3403 4 20 0
