a 831 1591 1958 -3690 953 1663 -3 -3663 0
a 831 1591 1958 -3690 953 1663 -3 3663 0
a 831 1591 1958 -3690 953 1663 3 -3663 0
a 831 1591 1958 -3690 953 1663 3 3663 0
a 831 1591 1958 -3690 953 -1663 25 3745 0
a 831 1591 1958 -3690 953 -1663 25 -3745 0
a 831 1591 1958 -3690 953 -1663 -25 3663 0
a 831 1591 1958 -3690 953 -1663 -25 -3663 0
a 831 1591 1958 -3690 -953 -3705 -18 -1650 0
a 831 1591 1958 -3690 -953 -3705 -18 1650 0
a 831 1591 1958 -3690 -953 -3705 18 -15 0
a 831 1591 1958 -3690 -953 -3705 18 15 0
a 831 1591 1958 -3690 -953 3705 -3666 25 0
a 831 1591 1958 -3690 -953 3705 -3666 -25 0
a 831 1591 1958 -3690 -953 3705 3666 -20 0
a 831 1591 1958 -3690 -953 3705 3666 20 0
a 831 1591 1958 3690 -777 -3694 -6 -3 0
a 831 1591 1958 3690 -777 -3694 -6 3 0
a 831 1591 1958 3690 -777 -3694 6 -3 0
a 831 1591 1958 3690 -777 -3694 6 3 0
a 831 1591 1958 3690 -777 3694 888 25 0
a 831 1591 1958 3690 -777 3694 888 -25 0
a 831 1591 1958 3690 -777 3694 -888 -3661 0
a 831 1591 1958 3690 -777 3694 -888 3661 0
a 831 1591 1958 3690 777 25 1663 -1975 0
a 831 1591 1958 3690 777 25 1663 1975 0
a 831 1591 1958 3690 777 25 -1663 3745 0
a 831 1591 1958 3690 777 25 -1663 -3745 0
a 831 1591 1958 3690 777 -25 3663 -23 0
a 831 1591 1958 3690 777 -25 3663 23 0
a 831 1591 1958 3690 777 -25 -3663 1663 0
a 831 1591 1958 3690 777 -25 -3663 -1663 0
a 831 1591 -1958 -3744 -21 -3690 -3768 953 0
a 831 1591 -1958 -3744 -21 -3690 -3768 -953 0
a 831 1591 -1958 -3744 -21 -3690 3768 -25 0
a 831 1591 -1958 -3744 -21 -3690 3768 25 0
a 831 1591 -1958 -3744 -21 3690 -3768 -777 0
a 831 1591 -1958 -3744 -21 3690 -3768 777 0
a 831 1591 -1958 -3744 -21 3690 3768 -777 0
a 831 1591 -1958 -3744 -21 3690 3768 777 0
a 831 1591 -1958 -3744 21 -3690 953 -24 0
a 831 1591 -1958 -3744 21 -3690 953 24 0
a 831 1591 -1958 -3744 21 -3690 -953 -17 0
a 831 1591 -1958 -3744 21 -3690 -953 17 0
a 831 1591 -1958 -3744 21 3690 -777 -24 0
a 831 1591 -1958 -3744 21 3690 -777 24 0
a 831 1591 -1958 -3744 21 3690 777 -24 0
a 831 1591 -1958 -3744 21 3690 777 24 0
a 831 1591 -1958 3744 -3663 -3690 953 -3666 0
a 831 1591 -1958 3744 -3663 -3690 953 3666 0
a 831 1591 -1958 3744 -3663 -3690 -953 1562 0
a 831 1591 -1958 3744 -3663 -3690 -953 -1562 0
a 831 1591 -1958 3744 -3663 3690 -777 -3694 0
a 831 1591 -1958 3744 -3663 3690 -777 3694 0
a 831 1591 -1958 3744 -3663 3690 777 1562 0
a 831 1591 -1958 3744 -3663 3690 777 -1562 0
a 831 1591 -1958 3744 3663 -25 -3783 -24 0
a 831 1591 -1958 3744 3663 -25 -3783 24 0
a 831 1591 -1958 3744 3663 -25 3783 -3690 0
a 831 1591 -1958 3744 3663 -25 3783 3690 0
a 831 1591 -1958 3744 3663 25 -3690 953 0
a 831 1591 -1958 3744 3663 25 -3690 -953 0
a 831 1591 -1958 3744 3663 25 3690 -777 0
a 831 1591 -1958 3744 3663 25 3690 777 0
a 831 -1591 -79 -3733 -9 -3657 -3735 953 0
a 831 -1591 -79 -3733 -9 -3657 -3735 -953 0
a 831 -1591 -79 -3733 -9 -3657 3735 -25 0
a 831 -1591 -79 -3733 -9 -3657 3735 25 0
a 831 -1591 -79 -3733 -9 3657 -3735 -777 0
a 831 -1591 -79 -3733 -9 3657 -3735 777 0
a 831 -1591 -79 -3733 -9 3657 3735 -777 0
a 831 -1591 -79 -3733 -9 3657 3735 777 0
a 831 -1591 -79 -3733 9 -12 -3735 -3657 0
a 831 -1591 -79 -3733 9 -12 -3735 3657 0
a 831 -1591 -79 -3733 9 -12 3735 -25 0
a 831 -1591 -79 -3733 9 -12 3735 25 0
a 831 -1591 -79 -3733 9 12 -3657 953 0
a 831 -1591 -79 -3733 9 12 -3657 -953 0
a 831 -1591 -79 -3733 9 12 3657 -777 0
a 831 -1591 -79 -3733 9 12 3657 777 0
a 831 -1591 -79 3733 -3664 -3657 953 -3655 0
a 831 -1591 -79 3733 -3664 -3657 953 3655 0
a 831 -1591 -79 3733 -3664 -3657 -953 -3655 0
a 831 -1591 -79 3733 -3664 -3657 -953 3655 0
a 831 -1591 -79 3733 -3664 3657 -777 -3655 0
a 831 -1591 -79 3733 -3664 3657 -777 3655 0
a 831 -1591 -79 3733 -3664 3657 777 -3663 0
a 831 -1591 -79 3733 -3664 3657 777 3663 0
a 831 -1591 -79 3733 3664 -3690 953 -3655 0
a 831 -1591 -79 3733 3664 -3690 953 3655 0
a 831 -1591 -79 3733 3664 -3690 -953 -3705 0
a 831 -1591 -79 3733 3664 -3690 -953 3705 0
a 831 -1591 -79 3733 3664 3690 -777 -3655 0
a 831 -1591 -79 3733 3664 3690 -777 3655 0
a 831 -1591 -79 3733 3664 3690 777 -3663 0
a 831 -1591 -79 3733 3664 3690 777 3663 0
a 831 -1591 79 -3768 201 1663 -3657 953 0
a 831 -1591 79 -3768 201 1663 -3657 -953 0
a 831 -1591 79 -3768 201 1663 3657 3 0
a 831 -1591 79 -3768 201 1663 3657 -3 0
a 831 -1591 79 -3768 201 -1663 -3690 953 0
a 831 -1591 79 -3768 201 -1663 -3690 -953 0
a 831 -1591 79 -3768 201 -1663 3690 -777 0
a 831 -1591 79 -3768 201 -1663 3690 777 0
a 831 -1591 79 -3768 -201 -3690 953 1663 0
a 831 -1591 79 -3768 -201 -3690 953 -1663 0
a 831 -1591 79 -3768 -201 -3690 -953 -17 0
a 831 -1591 79 -3768 -201 -3690 -953 17 0
a 831 -1591 79 -3768 -201 3690 -777 1663 0
a 831 -1591 79 -3768 -201 3690 -777 -1663 0
a 831 -1591 79 -3768 -201 3690 777 1663 0
a 831 -1591 79 -3768 -201 3690 777 -1663 0
a 831 -1591 79 3768 -25 -3772 -3657 -12 0
a 831 -1591 79 3768 -25 -3772 -3657 12 0
a 831 -1591 79 3768 -25 -3772 3657 -777 0
a 831 -1591 79 3768 -25 -3772 3657 777 0
a 831 -1591 79 3768 -25 3772 -3690 953 0
a 831 -1591 79 3768 -25 3772 -3690 -953 0
a 831 -1591 79 3768 -25 3772 3690 -777 0
a 831 -1591 79 3768 -25 3772 3690 777 0
a 831 -1591 79 3768 25 -3690 953 1663 0
a 831 -1591 79 3768 25 -3690 953 -1663 0
a 831 -1591 79 3768 25 -3690 -953 -17 0
a 831 -1591 79 3768 25 -3690 -953 17 0
a 831 -1591 79 3768 25 3690 -777 1663 0
a 831 -1591 79 3768 25 3690 -777 -1663 0
a 831 -1591 79 3768 25 3690 777 1663 0
a 831 -1591 79 3768 25 3690 777 -1663 0
a -831 1 -3666 1352 -3690 -17 -18 79 0
a -831 1 -3666 1352 -3690 -17 -18 -79 0
a -831 1 -3666 1352 -3690 -17 18 -24 0
a -831 1 -3666 1352 -3690 -17 18 24 0
a -831 1 -3666 1352 -3690 17 1530 -1958 0
a -831 1 -3666 1352 -3690 17 1530 1958 0
a -831 1 -3666 1352 -3690 17 -1530 -79 0
a -831 1 -3666 1352 -3690 17 -1530 79 0
a -831 1 -3666 1352 3690 -3762 -3726 -777 0
a -831 1 -3666 1352 3690 -3762 -3726 777 0
a -831 1 -3666 1352 3690 -3762 3726 -79 0
a -831 1 -3666 1352 3690 -3762 3726 79 0
a -831 1 -3666 1352 3690 3762 -3726 -777 0
a -831 1 -3666 1352 3690 3762 -3726 777 0
a -831 1 -3666 1352 3690 3762 3726 -79 0
a -831 1 -3666 1352 3690 3762 3726 79 0
a -831 1 -3666 -1352 1530 -1958 -20 -2907 0
a -831 1 -3666 -1352 1530 -1958 -20 2907 0
a -831 1 -3666 -1352 1530 -1958 20 -3745 0
a -831 1 -3666 -1352 1530 -1958 20 3745 0
a -831 1 -3666 -1352 1530 1958 -3733 -9 0
a -831 1 -3666 -1352 1530 1958 -3733 9 0
a -831 1 -3666 -1352 1530 1958 3733 -3762 0
a -831 1 -3666 -1352 1530 1958 3733 3762 0
a -831 1 -3666 -1352 -1530 -79 -3744 -85 0
a -831 1 -3666 -1352 -1530 -79 -3744 85 0
a -831 1 -3666 -1352 -1530 -79 3744 -85 0
a -831 1 -3666 -1352 -1530 -79 3744 85 0
a -831 1 -3666 -1352 -1530 79 -3768 201 0
a -831 1 -3666 -1352 -1530 79 -3768 -201 0
a -831 1 -3666 -1352 -1530 79 3768 -25 0
a -831 1 -3666 -1352 -1530 79 3768 25 0
a -831 1 3666 1530 -1958 1594 917 886 0
a -831 1 3666 1530 -1958 1594 917 -886 0
a -831 1 3666 1530 -1958 1594 -917 -3690 0
a -831 1 3666 1530 -1958 1594 -917 3690 0
a -831 1 3666 1530 -1958 -1594 -3745 -9 0
a -831 1 3666 1530 -1958 -1594 -3745 9 0
a -831 1 3666 1530 -1958 -1594 3745 -11 0
a -831 1 3666 1530 -1958 -1594 3745 11 0
a -831 1 3666 1530 1958 -3733 -9 -3729 0
a -831 1 3666 1530 1958 -3733 -9 3729 0
a -831 1 3666 1530 1958 -3733 9 -12 0
a -831 1 3666 1530 1958 -3733 9 12 0
a -831 1 3666 1530 1958 3733 -3762 -3729 0
a -831 1 3666 1530 1958 3733 -3762 3729 0
a -831 1 3666 1530 1958 3733 3762 -25 0
a -831 1 3666 1530 1958 3733 3762 25 0
a -831 1 3666 -1530 -79 -3744 -21 1663 0
a -831 1 3666 -1530 -79 -3744 -21 -1663 0
a -831 1 3666 -1530 -79 -3744 21 -15 0
a -831 1 3666 -1530 -79 -3744 21 15 0
a -831 1 3666 -1530 -79 3744 -10 1663 0
a -831 1 3666 -1530 -79 3744 -10 -1663 0
a -831 1 3666 -1530 -79 3744 10 -25 0
a -831 1 3666 -1530 -79 3744 10 25 0
a -831 1 3666 -1530 79 -3768 201 -3729 0
a -831 1 3666 -1530 79 -3768 201 3729 0
a -831 1 3666 -1530 79 -3768 -201 -3708 0
a -831 1 3666 -1530 79 -3768 -201 3708 0
a -831 1 3666 -1530 79 3768 -25 -11 0
a -831 1 3666 -1530 79 3768 -25 11 0
a -831 1 3666 -1530 79 3768 25 -3729 0
a -831 1 3666 -1530 79 3768 25 3729 0
a -831 -1 -7 -597 1532 -13 -3736 -22 0
a -831 -1 -7 -597 1532 -13 -3736 22 0
a -831 -1 -7 -597 1532 -13 3736 777 0
a -831 -1 -7 -597 1532 -13 3736 -777 0
a -831 -1 -7 -597 1532 13 -3 4517 0
a -831 -1 -7 -597 1532 13 -3 -4517 0
a -831 -1 -7 -597 1532 13 3 -6 0
a -831 -1 -7 -597 1532 13 3 6 0
a -831 -1 -7 -597 -1532 -13 -3667 -15 0
a -831 -1 -7 -597 -1532 -13 -3667 15 0
a -831 -1 -7 -597 -1532 -13 3667 -3736 0
a -831 -1 -7 -597 -1532 -13 3667 3736 0
a -831 -1 -7 -597 -1532 13 -3736 -3730 0
a -831 -1 -7 -597 -1532 13 -3736 3730 0
a -831 -1 -7 -597 -1532 13 3736 -3730 0
a -831 -1 -7 -597 -1532 13 3736 3730 0
a -831 -1 -7 597 -8 3655 -19 -3658 0
a -831 -1 -7 597 -8 3655 -19 3658 0
a -831 -1 -7 597 -8 3655 19 -9 0
a -831 -1 -7 597 -8 3655 19 9 0
a -831 -1 -7 597 -8 -3655 -2 -4 0
a -831 -1 -7 597 -8 -3655 -2 4 0
a -831 -1 -7 597 -8 -3655 2 -3667 0
a -831 -1 -7 597 -8 -3655 2 3667 0
a -831 -1 -7 597 8 -3745 -21 1532 0
a -831 -1 -7 597 8 -3745 -21 -1532 0
a -831 -1 -7 597 8 -3745 21 1532 0
a -831 -1 -7 597 8 -3745 21 -1532 0
a -831 -1 -7 597 8 3745 1532 -13 0
a -831 -1 -7 597 8 3745 1532 13 0
a -831 -1 -7 597 8 3745 -1532 -13 0
a -831 -1 -7 597 8 3745 -1532 13 0
a -831 -1 7 -79 -3744 -85 -1958 -3672 0
a -831 -1 7 -79 -3744 -85 -1958 3672 0
a -831 -1 7 -79 -3744 -85 1958 -3655 0
a -831 -1 7 -79 -3744 -85 1958 3655 0
a -831 -1 7 -79 -3744 85 -1958 -3672 0
a -831 -1 7 -79 -3744 85 -1958 3672 0
a -831 -1 7 -79 -3744 85 1958 -3655 0
a -831 -1 7 -79 -3744 85 1958 3655 0
a -831 -1 7 -79 3744 -1958 -3672 134 0
a -831 -1 7 -79 3744 -1958 -3672 -134 0
a -831 -1 7 -79 3744 -1958 3672 -3667 0
a -831 -1 7 -79 3744 -1958 3672 3667 0
a -831 -1 7 -79 3744 1958 -3655 -3 0
a -831 -1 7 -79 3744 1958 -3655 3 0
a -831 -1 7 -79 3744 1958 3655 -3663 0
a -831 -1 7 -79 3744 1958 3655 3663 0
a -831 -1 7 79 3172 -3735 201 1663 0
a -831 -1 7 79 3172 -3735 201 -1663 0
a -831 -1 7 79 3172 -3735 -201 -11 0
a -831 -1 7 79 3172 -3735 -201 11 0
a -831 -1 7 79 3172 3735 -25 -3783 0
a -831 -1 7 79 3172 3735 -25 3783 0
a -831 -1 7 79 3172 3735 25 777 0
a -831 -1 7 79 3172 3735 25 -777 0
a -831 -1 7 79 -3172 -3655 -3 -3657 0
a -831 -1 7 79 -3172 -3655 -3 3657 0
a -831 -1 7 79 -3172 -3655 3 -3735 0
a -831 -1 7 79 -3172 -3655 3 3735 0
a -831 -1 7 79 -3172 3655 -3735 201 0
a -831 -1 7 79 -3172 3655 -3735 -201 0
a -831 -1 7 79 -3172 3655 3735 -25 0
a -831 -1 7 79 -3172 3655 3735 25 0
