a 2343 3103 3470 -16 2465 3175 1537 15 0
a 2343 3103 3470 -16 2465 3175 1537 -15 0
a 2343 3103 3470 -16 2465 3175 -1537 3068 0
a 2343 3103 3470 -16 2465 3175 -1537 -3068 0
a 2343 3103 3470 -16 2465 -3175 1537 116 0
a 2343 3103 3470 -16 2465 -3175 1537 -116 0
a 2343 3103 3470 -16 2465 -3175 -1537 22 0
a 2343 3103 3470 -16 2465 -3175 -1537 -22 0
a 2343 3103 3470 -16 -2465 -17 -85 -15 0
a 2343 3103 3470 -16 -2465 -17 -85 15 0
a 2343 3103 3470 -16 -2465 -17 85 -923 0
a 2343 3103 3470 -16 -2465 -17 85 923 0
a 2343 3103 3470 -16 -2465 17 -14 1537 0
a 2343 3103 3470 -16 -2465 17 -14 -1537 0
a 2343 3103 3470 -16 -2465 17 14 -20 0
a 2343 3103 3470 -16 -2465 17 14 20 0
a 2343 3103 3470 16 -2289 -5 -6 -3 0
a 2343 3103 3470 16 -2289 -5 -6 3 0
a 2343 3103 3470 16 -2289 -5 6 -3 0
a 2343 3103 3470 16 -2289 -5 6 3 0
a 2343 3103 3470 16 -2289 5 -26 1537 0
a 2343 3103 3470 16 -2289 5 -26 -1537 0
a 2343 3103 3470 16 -2289 5 26 -8 0
a 2343 3103 3470 16 -2289 5 26 8 0
a 2343 3103 3470 16 2289 1537 3175 -3487 0
a 2343 3103 3470 16 2289 1537 3175 3487 0
a 2343 3103 3470 16 2289 1537 -3175 116 0
a 2343 3103 3470 16 2289 1537 -3175 -116 0
a 2343 3103 3470 16 2289 -1537 -3131 -11 0
a 2343 3103 3470 16 2289 -1537 -3131 11 0
a 2343 3103 3470 16 2289 -1537 3131 3175 0
a 2343 3103 3470 16 2289 -1537 3131 -3175 0
a 2343 3103 -3470 -115 -121 -16 -22 2465 0
a 2343 3103 -3470 -115 -121 -16 -22 -2465 0
a 2343 3103 -3470 -115 -121 -16 22 -1537 0
a 2343 3103 -3470 -115 -121 -16 22 1537 0
a 2343 3103 -3470 -115 -121 16 3131 -2289 0
a 2343 3103 -3470 -115 -121 16 3131 2289 0
a 2343 3103 -3470 -115 -121 16 -3131 -2289 0
a 2343 3103 -3470 -115 -121 16 -3131 2289 0
a 2343 3103 -3470 -115 121 -16 2465 -15 0
a 2343 3103 -3470 -115 121 -16 2465 15 0
a 2343 3103 -3470 -115 121 -16 -2465 -15 0
a 2343 3103 -3470 -115 121 -16 -2465 15 0
a 2343 3103 -3470 -115 121 16 -2289 -15 0
a 2343 3103 -3470 -115 121 16 -2289 15 0
a 2343 3103 -3470 -115 121 16 2289 -15 0
a 2343 3103 -3470 -115 121 16 2289 15 0
a 2343 3103 -3470 115 -16 2465 -14 -23 0
a 2343 3103 -3470 115 -16 2465 -14 23 0
a 2343 3103 -3470 115 -16 2465 14 -17 0
a 2343 3103 -3470 115 -16 2465 14 17 0
a 2343 3103 -3470 115 -16 -2465 -14 -17 0
a 2343 3103 -3470 115 -16 -2465 -14 17 0
a 2343 3103 -3470 115 -16 -2465 14 -17 0
a 2343 3103 -3470 115 -16 -2465 14 17 0
a 2343 3103 -3470 115 16 -2289 -14 -17 0
a 2343 3103 -3470 115 16 -2289 -14 17 0
a 2343 3103 -3470 115 16 -2289 14 -10 0
a 2343 3103 -3470 115 16 -2289 14 10 0
a 2343 3103 -3470 115 16 2289 -14 -17 0
a 2343 3103 -3470 115 16 2289 -14 17 0
a 2343 3103 -3470 115 16 2289 14 -10 0
a 2343 3103 -3470 115 16 2289 14 10 0
a 2343 -3103 -1591 -8 4634 -4 -10 2465 0
a 2343 -3103 -1591 -8 4634 -4 -10 -2465 0
a 2343 -3103 -1591 -8 4634 -4 10 -1537 0
a 2343 -3103 -1591 -8 4634 -4 10 1537 0
a 2343 -3103 -1591 -8 4634 4 -10 -2289 0
a 2343 -3103 -1591 -8 4634 4 -10 2289 0
a 2343 -3103 -1591 -8 4634 4 10 -2289 0
a 2343 -3103 -1591 -8 4634 4 10 2289 0
a 2343 -3103 -1591 -8 -4634 -4 2465 -22 0
a 2343 -3103 -1591 -8 -4634 -4 2465 22 0
a 2343 -3103 -1591 -8 -4634 -4 -2465 -3 0
a 2343 -3103 -1591 -8 -4634 -4 -2465 3 0
a 2343 -3103 -1591 -8 -4634 4 -2289 -17 0
a 2343 -3103 -1591 -8 -4634 4 -2289 17 0
a 2343 -3103 -1591 -8 -4634 4 2289 -22 0
a 2343 -3103 -1591 -8 -4634 4 2289 22 0
a 2343 -3103 -1591 8 -4 2465 -26 -11 0
a 2343 -3103 -1591 8 -4 2465 -26 11 0
a 2343 -3103 -1591 8 -4 2465 26 -22 0
a 2343 -3103 -1591 8 -4 2465 26 22 0
a 2343 -3103 -1591 8 -4 -2465 -26 -5 0
a 2343 -3103 -1591 8 -4 -2465 -26 5 0
a 2343 -3103 -1591 8 -4 -2465 26 -5 0
a 2343 -3103 -1591 8 -4 -2465 26 5 0
a 2343 -3103 -1591 8 4 -2289 -22 -17 0
a 2343 -3103 -1591 8 4 -2289 -22 17 0
a 2343 -3103 -1591 8 4 -2289 22 -1537 0
a 2343 -3103 -1591 8 4 -2289 22 1537 0
a 2343 -3103 -1591 8 4 2289 -22 -26 0
a 2343 -3103 -1591 8 4 2289 -22 26 0
a 2343 -3103 -1591 8 4 2289 22 -1537 0
a 2343 -3103 -1591 8 4 2289 22 1537 0
a 2343 -3103 1591 -16 2465 3175 -22 1713 0
a 2343 -3103 1591 -16 2465 3175 -22 -1713 0
a 2343 -3103 1591 -16 2465 3175 22 -3118 0
a 2343 -3103 1591 -16 2465 3175 22 3118 0
a 2343 -3103 1591 -16 2465 -3175 -22 1713 0
a 2343 -3103 1591 -16 2465 -3175 -22 -1713 0
a 2343 -3103 1591 -16 2465 -3175 22 -1537 0
a 2343 -3103 1591 -16 2465 -3175 22 1537 0
a 2343 -3103 1591 -16 -2465 -17 -22 -85 0
a 2343 -3103 1591 -16 -2465 -17 -22 85 0
a 2343 -3103 1591 -16 -2465 -17 22 -1537 0
a 2343 -3103 1591 -16 -2465 -17 22 1537 0
a 2343 -3103 1591 -16 -2465 17 -14 -22 0
a 2343 -3103 1591 -16 -2465 17 -14 22 0
a 2343 -3103 1591 -16 -2465 17 14 -22 0
a 2343 -3103 1591 -16 -2465 17 14 22 0
a 2343 -3103 1591 16 -2289 -10 1713 3175 0
a 2343 -3103 1591 16 -2289 -10 1713 -3175 0
a 2343 -3103 1591 16 -2289 -10 -1713 -5 0
a 2343 -3103 1591 16 -2289 -10 -1713 5 0
a 2343 -3103 1591 16 -2289 10 -1537 3175 0
a 2343 -3103 1591 16 -2289 10 -1537 -3175 0
a 2343 -3103 1591 16 -2289 10 1537 3175 0
a 2343 -3103 1591 16 -2289 10 1537 -3175 0
a 2343 -3103 1591 16 2289 -22 1713 3175 0
a 2343 -3103 1591 16 2289 -22 1713 -3175 0
a 2343 -3103 1591 16 2289 -22 -1713 3175 0
a 2343 -3103 1591 16 2289 -22 -1713 -3175 0
a 2343 -3103 1591 16 2289 22 -1537 3175 0
a 2343 -3103 1591 16 2289 22 -1537 -3175 0
a 2343 -3103 1591 16 2289 22 1537 3175 0
a 2343 -3103 1591 16 2289 22 1537 -3175 0
a -2343 13 -26 2865 -28 -5 1591 -10 0
a -2343 13 -26 2865 -28 -5 1591 10 0
a -2343 13 -26 2865 -28 -5 -1591 -3470 0
a -2343 13 -26 2865 -28 -5 -1591 3470 0
a -2343 13 -26 2865 -28 5 3103 -3470 0
a -2343 13 -26 2865 -28 5 3103 3470 0
a -2343 13 -26 2865 -28 5 -3103 -1591 0
a -2343 13 -26 2865 -28 5 -3103 1591 0
a -2343 13 -26 2865 28 -10 -7 -2289 0
a -2343 13 -26 2865 28 -10 -7 2289 0
a -2343 13 -26 2865 28 -10 7 -1591 0
a -2343 13 -26 2865 28 -10 7 1591 0
a -2343 13 -26 2865 28 10 -7 -2289 0
a -2343 13 -26 2865 28 10 -7 2289 0
a -2343 13 -26 2865 28 10 7 -1591 0
a -2343 13 -26 2865 28 10 7 1591 0
a -2343 13 -26 -2865 3103 -3470 -8 -4419 0
a -2343 13 -26 -2865 3103 -3470 -8 4419 0
a -2343 13 -26 -2865 3103 -3470 8 -116 0
a -2343 13 -26 -2865 3103 -3470 8 116 0
a -2343 13 -26 -2865 3103 3470 -115 -21 0
a -2343 13 -26 -2865 3103 3470 -115 21 0
a -2343 13 -26 -2865 3103 3470 115 -6 0
a -2343 13 -26 -2865 3103 3470 115 6 0
a -2343 13 -26 -2865 -3103 -1591 -104 4634 0
a -2343 13 -26 -2865 -3103 -1591 -104 -4634 0
a -2343 13 -26 -2865 -3103 -1591 104 -6 0
a -2343 13 -26 -2865 -3103 -1591 104 6 0
a -2343 13 -26 -2865 -3103 1591 -10 1713 0
a -2343 13 -26 -2865 -3103 1591 -10 -1713 0
a -2343 13 -26 -2865 -3103 1591 10 -1537 0
a -2343 13 -26 -2865 -3103 1591 10 1537 0
a -2343 13 26 3103 -3470 -8 -5 2426 0
a -2343 13 26 3103 -3470 -8 -5 -2426 0
a -2343 13 26 3103 -3470 -8 5 -28 0
a -2343 13 26 3103 -3470 -8 5 28 0
a -2343 13 26 3103 -3470 8 -116 -21 0
a -2343 13 26 3103 -3470 8 -116 21 0
a -2343 13 26 3103 -3470 8 116 -146 0
a -2343 13 26 3103 -3470 8 116 146 0
a -2343 13 26 3103 3470 -115 -21 -67 0
a -2343 13 26 3103 3470 -115 -21 67 0
a -2343 13 26 3103 3470 -115 21 -15 0
a -2343 13 26 3103 3470 -115 21 15 0
a -2343 13 26 3103 3470 115 2426 -2347 0
a -2343 13 26 3103 3470 115 2426 2347 0
a -2343 13 26 3103 3470 115 -2426 -2289 0
a -2343 13 26 3103 3470 115 -2426 2289 0
a -2343 13 26 -3103 -1591 -104 4634 3175 0
a -2343 13 26 -3103 -1591 -104 4634 -3175 0
a -2343 13 26 -3103 -1591 -104 -4634 -3 0
a -2343 13 26 -3103 -1591 -104 -4634 3 0
a -2343 13 26 -3103 -1591 104 -140 3175 0
a -2343 13 26 -3103 -1591 104 -140 -3175 0
a -2343 13 26 -3103 -1591 104 140 -1537 0
a -2343 13 26 -3103 -1591 104 140 1537 0
a -2343 13 26 -3103 1591 -139 1713 -67 0
a -2343 13 26 -3103 1591 -139 1713 67 0
a -2343 13 26 -3103 1591 -139 -1713 -67 0
a -2343 13 26 -3103 1591 -139 -1713 67 0
a -2343 13 26 -3103 1591 139 -1537 -5 0
a -2343 13 26 -3103 1591 139 -1537 5 0
a -2343 13 26 -3103 1591 139 1537 -67 0
a -2343 13 26 -3103 1591 139 1537 67 0
a -2343 -13 -19 -16 -22 3135 15 -20 0
a -2343 -13 -19 -16 -22 3135 15 20 0
a -2343 -13 -19 -16 -22 3135 -15 -18 0
a -2343 -13 -19 -16 -22 3135 -15 18 0
a -2343 -13 -19 -16 -22 -3135 -3118 2429 0
a -2343 -13 -19 -16 -22 -3135 -3118 -2429 0
a -2343 -13 -19 -16 -22 -3135 3118 14 0
a -2343 -13 -19 -16 -22 -3135 3118 -14 0
a -2343 -13 -19 -16 22 -1537 -1713 -1 0
a -2343 -13 -19 -16 22 -1537 -1713 1 0
a -2343 -13 -19 -16 22 -1537 1713 -115 0
a -2343 -13 -19 -16 22 -1537 1713 115 0
a -2343 -13 -19 -16 22 1537 -7 -1 0
a -2343 -13 -19 -16 22 1537 -7 1 0
a -2343 -13 -19 -16 22 1537 7 -20 0
a -2343 -13 -19 -16 22 1537 7 20 0
a -2343 -13 -19 16 -2289 -1 -7 -65 0
a -2343 -13 -19 16 -2289 -1 -7 65 0
a -2343 -13 -19 16 -2289 -1 7 -115 0
a -2343 -13 -19 16 -2289 -1 7 115 0
a -2343 -13 -19 16 -2289 1 -14 2865 0
a -2343 -13 -19 16 -2289 1 -14 -2865 0
a -2343 -13 -19 16 -2289 1 14 3106 0
a -2343 -13 -19 16 -2289 1 14 -3106 0
a -2343 -13 -19 16 2289 -1 -7 3131 0
a -2343 -13 -19 16 2289 -1 -7 -3131 0
a -2343 -13 -19 16 2289 -1 7 -115 0
a -2343 -13 -19 16 2289 -1 7 115 0
a -2343 -13 -19 16 2289 1 -14 2865 0
a -2343 -13 -19 16 2289 1 -14 -2865 0
a -2343 -13 -19 16 2289 1 14 -112 0
a -2343 -13 -19 16 2289 1 14 112 0
a -2343 -13 19 -1591 -104 4634 -3470 -98 0
a -2343 -13 19 -1591 -104 4634 -3470 98 0
a -2343 -13 19 -1591 -104 4634 3470 -14 0
a -2343 -13 19 -1591 -104 4634 3470 14 0
a -2343 -13 19 -1591 -104 -4634 -3470 -98 0
a -2343 -13 19 -1591 -104 -4634 -3470 98 0
a -2343 -13 19 -1591 -104 -4634 3470 -14 0
a -2343 -13 19 -1591 -104 -4634 3470 14 0
a -2343 -13 19 -1591 104 -3470 3044 2289 0
a -2343 -13 19 -1591 104 -3470 3044 -2289 0
a -2343 -13 19 -1591 104 -3470 -3044 -14 0
a -2343 -13 19 -1591 104 -3470 -3044 14 0
a -2343 -13 19 -1591 104 3470 -14 2865 0
a -2343 -13 19 -1591 104 3470 -14 -2865 0
a -2343 -13 19 -1591 104 3470 14 1674 0
a -2343 -13 19 -1591 104 3470 14 -1674 0
a -2343 -13 19 1591 4684 -139 1713 3175 0
a -2343 -13 19 1591 4684 -139 1713 -3175 0
a -2343 -13 19 1591 4684 -139 -1713 -151 0
a -2343 -13 19 1591 4684 -139 -1713 151 0
a -2343 -13 19 1591 4684 139 -1537 2289 0
a -2343 -13 19 1591 4684 139 -1537 -2289 0
a -2343 -13 19 1591 4684 139 1537 2289 0
a -2343 -13 19 1591 4684 139 1537 -2289 0
a -2343 -13 19 1591 -4684 -14 2865 -67 0
a -2343 -13 19 1591 -4684 -14 2865 67 0
a -2343 -13 19 1591 -4684 -14 -2865 -139 0
a -2343 -13 19 1591 -4684 -14 -2865 139 0
a -2343 -13 19 1591 -4684 14 -139 1713 0
a -2343 -13 19 1591 -4684 14 -139 -1713 0
a -2343 -13 19 1591 -4684 14 139 -1537 0
a -2343 -13 19 1591 -4684 14 139 1537 0
