a 1555 -12 -11 -10 0
a 1555 -12 -11 10 -4 0
a 1555 -12 -11 10 4 -3 0
a 1555 -12 -11 10 4 3 -34 0
a 1555 -12 -11 10 4 3 34 -5 0
a 1555 -12 -11 10 4 3 34 5 0
a 1555 -12 11 -4 -3 -6 0
a 1555 -12 11 -4 -3 6 -5 0
a 1555 -12 11 -4 -3 6 5 0
a 1555 -12 11 -4 3 -35 0
a 1555 -12 11 -4 3 35 1587 0
a 1555 -12 11 -4 3 35 -1587 -7 0
a 1555 -12 11 -4 3 35 -1587 7 -9 0
a 1555 -12 11 -4 3 35 -1587 7 9 -8 0
a 1555 -12 11 -4 3 35 -1587 7 9 8 0
a 1555 -12 11 4 -35 -3 0
a 1555 -12 11 4 -35 3 -16 0
a 1555 -12 11 4 -35 3 16 -15 0
a 1555 -12 11 4 -35 3 16 15 0
a 1555 -12 11 4 35 -3 -5 -10 0
a 1555 -12 11 4 35 -3 -5 10 0
a 1555 -12 11 4 35 -3 5 -7 0
a 1555 -12 11 4 35 -3 5 7 -9 0
a 1555 -12 11 4 35 -3 5 7 9 -6 0
a 1555 -12 11 4 35 -3 5 7 9 6 -8 0
a 1555 -12 11 4 35 -3 5 7 9 6 8 0
a 1555 -12 11 4 35 3 -5 1604 0
a 1555 -12 11 4 35 3 -5 -1604 -8 0
a 1555 -12 11 4 35 3 -5 -1604 8 -9 0
a 1555 -12 11 4 35 3 -5 -1604 8 9 0
a 1555 -12 11 4 35 3 5 -6 1621 0
a 1555 -12 11 4 35 3 5 -6 -1621 -9 0
a 1555 -12 11 4 35 3 5 -6 -1621 9 0
a 1555 -12 11 4 35 3 5 6 -7 1638 0
a 1555 -12 11 4 35 3 5 6 -7 -1638 0
a 1555 -12 11 4 35 3 5 6 7 -8 0
a 1555 -12 11 4 35 3 5 6 7 8 -9 0
a 1555 -12 11 4 35 3 5 6 7 8 9 0
a 1555 12 -4 -3 -6 -7 0
a 1555 12 -4 -3 -6 7 -5 0
a 1555 12 -4 -3 -6 7 5 -8 0
a 1555 12 -4 -3 -6 7 5 8 0
a 1555 12 -4 -3 6 -5 0
a 1555 12 -4 -3 6 5 1604 0
a 1555 12 -4 -3 6 5 -1604 -8 0
a 1555 12 -4 -3 6 5 -1604 8 -10 0
a 1555 12 -4 -3 6 5 -1604 8 10 -15 0
a 1555 12 -4 -3 6 5 -1604 8 10 15 0
a 1555 12 -4 3 -36 -11 -10 0
a 1555 12 -4 3 -36 -11 10 0
a 1555 12 -4 3 -36 11 -10 0
a 1555 12 -4 3 -36 11 10 -15 0
a 1555 12 -4 3 -36 11 10 15 -5 0
a 1555 12 -4 3 -36 11 10 15 5 0
a 1555 12 -4 3 36 1587 -11 -6 0
a 1555 12 -4 3 36 1587 -11 6 0
a 1555 12 -4 3 36 1587 11 -6 0
a 1555 12 -4 3 36 1587 11 6 -7 0
a 1555 12 -4 3 36 1587 11 6 7 -9 0
a 1555 12 -4 3 36 1587 11 6 7 9 -8 0
a 1555 12 -4 3 36 1587 11 6 7 9 8 0
a 1555 12 -4 3 36 -1587 -7 -6 0
a 1555 12 -4 3 36 -1587 -7 6 -8 0
a 1555 12 -4 3 36 -1587 -7 6 8 -10 0
a 1555 12 -4 3 36 -1587 -7 6 8 10 -37 0
a 1555 12 -4 3 36 -1587 -7 6 8 10 37 0
a 1555 12 -4 3 36 -1587 7 -9 1655 0
a 1555 12 -4 3 36 -1587 7 -9 -1655 1672 0
a 1555 12 -4 3 36 -1587 7 -9 -1655 -1672 -6 0
a 1555 12 -4 3 36 -1587 7 -9 -1655 -1672 6 0
a 1555 12 -4 3 36 -1587 7 9 -10 -11 0
a 1555 12 -4 3 36 -1587 7 9 -10 11 -15 0
a 1555 12 -4 3 36 -1587 7 9 -10 11 15 0
a 1555 12 -4 3 36 -1587 7 9 10 -1700 -8 0
a 1555 12 -4 3 36 -1587 7 9 10 -1700 8 0
a 1555 12 -4 3 36 -1587 7 9 10 1700 -15 0
a 1555 12 -4 3 36 -1587 7 9 10 1700 15 -6 0
a 1555 12 -4 3 36 -1587 7 9 10 1700 15 6 0
a 1555 12 4 -36 -3 -11 -10 0
a 1555 12 4 -36 -3 -11 10 0
a 1555 12 4 -36 -3 11 -17 0
a 1555 12 4 -36 -3 11 17 -10 0
a 1555 12 4 -36 -3 11 17 10 -15 0
a 1555 12 4 -36 -3 11 17 10 15 0
a 1555 12 4 -36 3 -15 -16 0
a 1555 12 4 -36 3 -15 16 0
a 1555 12 4 -36 3 15 -5 1775 0
a 1555 12 4 -36 3 15 -5 -1775 -11 0
a 1555 12 4 -36 3 15 -5 -1775 11 0
a 1555 12 4 -36 3 15 5 -16 0
a 1555 12 4 -36 3 15 5 16 -6 0
a 1555 12 4 -36 3 15 5 16 6 -7 0
a 1555 12 4 -36 3 15 5 16 6 7 0
a 1555 12 4 36 -3 -5 -11 1570 0
a 1555 12 4 36 -3 -5 -11 -1570 -6 0
a 1555 12 4 36 -3 -5 -11 -1570 6 0
a 1555 12 4 36 -3 -5 11 -15 0
a 1555 12 4 36 -3 -5 11 15 -10 0
a 1555 12 4 36 -3 -5 11 15 10 -9 0
a 1555 12 4 36 -3 -5 11 15 10 9 0
a 1555 12 4 36 -3 5 -7 -6 0
a 1555 12 4 36 -3 5 -7 6 -8 0
a 1555 12 4 36 -3 5 -7 6 8 -10 0
a 1555 12 4 36 -3 5 -7 6 8 10 -9 0
a 1555 12 4 36 -3 5 -7 6 8 10 9 0
a 1555 12 4 36 -3 5 7 -6 -9 0
a 1555 12 4 36 -3 5 7 -6 9 -10 0
a 1555 12 4 36 -3 5 7 -6 9 10 -11 0
a 1555 12 4 36 -3 5 7 -6 9 10 11 0
a 1555 12 4 36 -3 5 7 6 -8 1655 0
a 1555 12 4 36 -3 5 7 6 -8 -1655 -10 0
a 1555 12 4 36 -3 5 7 6 -8 -1655 10 0
a 1555 12 4 36 -3 5 7 6 8 -9 0
a 1555 12 4 36 -3 5 7 6 8 9 -10 0
a 1555 12 4 36 -3 5 7 6 8 9 10 -11 0
a 1555 12 4 36 -3 5 7 6 8 9 10 11 0
a 1555 12 4 36 3 -5 1604 -7 0
a 1555 12 4 36 3 -5 1604 7 -15 0
a 1555 12 4 36 3 -5 1604 7 15 -8 0
a 1555 12 4 36 3 -5 1604 7 15 8 0
a 1555 12 4 36 3 -5 -1604 -8 -7 0
a 1555 12 4 36 3 -5 -1604 -8 7 -9 0
a 1555 12 4 36 3 -5 -1604 -8 7 9 -10 0
a 1555 12 4 36 3 -5 -1604 -8 7 9 10 0
a 1555 12 4 36 3 -5 -1604 8 -10 1672 0
a 1555 12 4 36 3 -5 -1604 8 -10 -1672 -7 0
a 1555 12 4 36 3 -5 -1604 8 -10 -1672 7 0
a 1555 12 4 36 3 -5 -1604 8 10 -15 0
a 1555 12 4 36 3 -5 -1604 8 10 15 -7 0
a 1555 12 4 36 3 -5 -1604 8 10 15 7 -9 0
a 1555 12 4 36 3 -5 -1604 8 10 15 7 9 0
a 1555 12 4 36 3 5 -15 -16 0
a 1555 12 4 36 3 5 -15 16 -1626 0
a 1555 12 4 36 3 5 -15 16 1626 2074 0
a 1555 12 4 36 3 5 -15 16 1626 -2074 0
a 1555 12 4 36 3 5 15 -6 -7 0
a 1555 12 4 36 3 5 15 -6 7 -8 0
a 1555 12 4 36 3 5 15 -6 7 8 -1668 0
a 1555 12 4 36 3 5 15 -6 7 8 1668 -9 0
a 1555 12 4 36 3 5 15 -6 7 8 1668 9 0
a 1555 12 4 36 3 5 15 6 -7 -9 0
a 1555 12 4 36 3 5 15 6 -7 9 -8 0
a 1555 12 4 36 3 5 15 6 -7 9 8 0
a 1555 12 4 36 3 5 15 6 7 -8 -9 0
a 1555 12 4 36 3 5 15 6 7 -8 9 0
a 1555 12 4 36 3 5 15 6 7 8 -9 0
a 1555 12 4 36 3 5 15 6 7 8 9 0
a -1555 2 -15 -21 0
a -1555 2 -15 21 -10 0
a -1555 2 -15 21 10 -134 0
a -1555 2 -15 21 10 134 -2214 0
a -1555 2 -15 21 10 134 2214 -11 0
a -1555 2 -15 21 10 134 2214 11 -98 0
a -1555 2 -15 21 10 134 2214 11 98 0
a -1555 2 15 -11 -3 0
a -1555 2 15 -11 3 -4 0
a -1555 2 15 -11 3 4 -27 0
a -1555 2 15 -11 3 4 27 -5 0
a -1555 2 15 -11 3 4 27 5 1921 0
a -1555 2 15 -11 3 4 27 5 -1921 0
a -1555 2 15 11 -12 -3 0
a -1555 2 15 11 -12 3 -4 0
a -1555 2 15 11 -12 3 4 -35 0
a -1555 2 15 11 -12 3 4 35 -5 0
a -1555 2 15 11 -12 3 4 35 5 1921 0
a -1555 2 15 11 -12 3 4 35 5 -1921 0
a -1555 2 15 11 12 -1542 -21 0
a -1555 2 15 11 12 -1542 21 -134 0
a -1555 2 15 11 12 -1542 21 134 0
a -1555 2 15 11 12 1542 -9 -10 0
a -1555 2 15 11 12 1542 -9 10 -1812 0
a -1555 2 15 11 12 1542 -9 10 1812 -17 0
a -1555 2 15 11 12 1542 -9 10 1812 17 0
a -1555 2 15 11 12 1542 9 -1894 0
a -1555 2 15 11 12 1542 9 1894 -10 -8 0
a -1555 2 15 11 12 1542 9 1894 -10 8 0
a -1555 2 15 11 12 1542 9 1894 10 -1812 0
a -1555 2 15 11 12 1542 9 1894 10 1812 -2534 0
a -1555 2 15 11 12 1542 9 1894 10 1812 2534 0
a -1555 -2 -192 -4 -5 0
a -1555 -2 -192 -4 5 -12 0
a -1555 -2 -192 -4 5 12 -6 0
a -1555 -2 -192 -4 5 12 6 -7 0
a -1555 -2 -192 -4 5 12 6 7 0
a -1555 -2 -192 4 -22 -12 0
a -1555 -2 -192 4 -22 12 -5 0
a -1555 -2 -192 4 -22 12 5 0
a -1555 -2 -192 4 22 -5 -12 0
a -1555 -2 -192 4 22 -5 12 -11 0
a -1555 -2 -192 4 22 -5 12 11 0
a -1555 -2 -192 4 22 5 -12 -11 0
a -1555 -2 -192 4 22 5 -12 11 0
a -1555 -2 -192 4 22 5 12 -29 0
a -1555 -2 -192 4 22 5 12 29 -15 0
a -1555 -2 -192 4 22 5 12 29 15 -6 0
a -1555 -2 -192 4 22 5 12 29 15 6 0
a -1555 -2 192 1748 -12 -11 0
a -1555 -2 192 1748 -12 11 -4 -5 0
a -1555 -2 192 1748 -12 11 -4 5 -35 0
a -1555 -2 192 1748 -12 11 -4 5 35 0
a -1555 -2 192 1748 -12 11 4 -9 -8 0
a -1555 -2 192 1748 -12 11 4 -9 8 -5 0
a -1555 -2 192 1748 -12 11 4 -9 8 5 0
a -1555 -2 192 1748 -12 11 4 9 -33 0
a -1555 -2 192 1748 -12 11 4 9 33 -5 0
a -1555 -2 192 1748 -12 11 4 9 33 5 -10 0
a -1555 -2 192 1748 -12 11 4 9 33 5 10 -6 0
a -1555 -2 192 1748 -12 11 4 9 33 5 10 6 0
a -1555 -2 192 1748 12 -4 -5 -7 0
a -1555 -2 192 1748 12 -4 -5 7 0
a -1555 -2 192 1748 12 -4 5 -36 0
a -1555 -2 192 1748 12 -4 5 36 -7 0
a -1555 -2 192 1748 12 -4 5 36 7 -6 0
a -1555 -2 192 1748 12 -4 5 36 7 6 1796 0
a -1555 -2 192 1748 12 -4 5 36 7 6 -1796 -9 0
a -1555 -2 192 1748 12 -4 5 36 7 6 -1796 9 0
a -1555 -2 192 1748 12 4 -36 -40 0
a -1555 -2 192 1748 12 4 -36 40 -5 0
a -1555 -2 192 1748 12 4 -36 40 5 -6 0
a -1555 -2 192 1748 12 4 -36 40 5 6 0
a -1555 -2 192 1748 12 4 36 -5 -7 -6 0
a -1555 -2 192 1748 12 4 36 -5 -7 6 0
a -1555 -2 192 1748 12 4 36 -5 7 -11 0
a -1555 -2 192 1748 12 4 36 -5 7 11 -6 0
a -1555 -2 192 1748 12 4 36 -5 7 11 6 -47 0
a -1555 -2 192 1748 12 4 36 -5 7 11 6 47 0
a -1555 -2 192 1748 12 4 36 5 -6 -8 0
a -1555 -2 192 1748 12 4 36 5 -6 8 -7 0
a -1555 -2 192 1748 12 4 36 5 -6 8 7 -9 0
a -1555 -2 192 1748 12 4 36 5 -6 8 7 9 0
a -1555 -2 192 1748 12 4 36 5 6 -7 -9 0
a -1555 -2 192 1748 12 4 36 5 6 -7 9 0
a -1555 -2 192 1748 12 4 36 5 6 7 -8 0
a -1555 -2 192 1748 12 4 36 5 6 7 8 -9 0
a -1555 -2 192 1748 12 4 36 5 6 7 8 9 -1843 0
a -1555 -2 192 1748 12 4 36 5 6 7 8 9 1843 0
a -1555 -2 192 -1748 3 -24 0
a -1555 -2 192 -1748 3 24 -3028 0
a -1555 -2 192 -1748 3 24 3028 21 0
a -1555 -2 192 -1748 3 24 3028 -21 0
a -1555 -2 192 -1748 -3 64 -12 0
a -1555 -2 192 -1748 -3 64 12 -5 0
a -1555 -2 192 -1748 -3 64 12 5 -11 0
a -1555 -2 192 -1748 -3 64 12 5 11 -9 0
a -1555 -2 192 -1748 -3 64 12 5 11 9 -1690 0
a -1555 -2 192 -1748 -3 64 12 5 11 9 1690 -7 0
a -1555 -2 192 -1748 -3 64 12 5 11 9 1690 7 -6 0
a -1555 -2 192 -1748 -3 64 12 5 11 9 1690 7 6 0
a -1555 -2 192 -1748 -3 -64 4 0
a -1555 -2 192 -1748 -3 -64 -4 0
