a 2343 3103 3470 -16 2465 3175 0
a 2343 3103 3470 -16 2465 -3175 0
a 2343 3103 3470 -16 -2465 -17 0
a 2343 3103 3470 -16 -2465 17 -14 0
a 2343 3103 3470 -16 -2465 17 14 -20 0
a 2343 3103 3470 -16 -2465 17 14 20 0
a 2343 3103 3470 16 -2289 -5 0
a 2343 3103 3470 16 -2289 5 -26 0
a 2343 3103 3470 16 -2289 5 26 -8 0
a 2343 3103 3470 16 -2289 5 26 8 0
a 2343 3103 3470 16 2289 1537 3175 0
a 2343 3103 3470 16 2289 1537 -3175 116 0
a 2343 3103 3470 16 2289 1537 -3175 -116 0
a 2343 3103 3470 16 2289 -1537 -3131 -11 0
a 2343 3103 3470 16 2289 -1537 -3131 11 0
a 2343 3103 3470 16 2289 -1537 3131 3175 0
a 2343 3103 3470 16 2289 -1537 3131 -3175 0
a 2343 3103 -3470 -115 -121 0
a 2343 3103 -3470 -115 121 -16 2465 0
a 2343 3103 -3470 -115 121 -16 -2465 0
a 2343 3103 -3470 -115 121 16 -2289 0
a 2343 3103 -3470 -115 121 16 2289 -15 0
a 2343 3103 -3470 -115 121 16 2289 15 0
a 2343 3103 -3470 115 -16 2465 -14 0
a 2343 3103 -3470 115 -16 2465 14 -17 0
a 2343 3103 -3470 115 -16 2465 14 17 0
a 2343 3103 -3470 115 -16 -2465 -14 -17 0
a 2343 3103 -3470 115 -16 -2465 -14 17 0
a 2343 3103 -3470 115 -16 -2465 14 -17 0
a 2343 3103 -3470 115 -16 -2465 14 17 -23 0
a 2343 3103 -3470 115 -16 -2465 14 17 23 0
a 2343 3103 -3470 115 16 -2289 -14 -17 0
a 2343 3103 -3470 115 16 -2289 -14 17 0
a 2343 3103 -3470 115 16 -2289 14 -10 0
a 2343 3103 -3470 115 16 -2289 14 10 -1537 0
a 2343 3103 -3470 115 16 -2289 14 10 1537 3135 0
a 2343 3103 -3470 115 16 -2289 14 10 1537 -3135 0
a 2343 3103 -3470 115 16 2289 -14 -17 0
a 2343 3103 -3470 115 16 2289 -14 17 0
a 2343 3103 -3470 115 16 2289 14 -10 -1713 0
a 2343 3103 -3470 115 16 2289 14 -10 1713 0
a 2343 3103 -3470 115 16 2289 14 10 -1537 0
a 2343 3103 -3470 115 16 2289 14 10 1537 3135 0
a 2343 3103 -3470 115 16 2289 14 10 1537 -3135 0
a 2343 -3103 -1591 -8 4634 -4 0
a 2343 -3103 -1591 -8 4634 4 0
a 2343 -3103 -1591 -8 -4634 -4 2465 0
a 2343 -3103 -1591 -8 -4634 -4 -2465 -3 0
a 2343 -3103 -1591 -8 -4634 -4 -2465 3 0
a 2343 -3103 -1591 -8 -4634 4 -2289 -17 0
a 2343 -3103 -1591 -8 -4634 4 -2289 17 0
a 2343 -3103 -1591 -8 -4634 4 2289 -22 0
a 2343 -3103 -1591 -8 -4634 4 2289 22 -1537 0
a 2343 -3103 -1591 -8 -4634 4 2289 22 1537 0
a 2343 -3103 -1591 8 -4 2465 -26 0
a 2343 -3103 -1591 8 -4 2465 26 -22 0
a 2343 -3103 -1591 8 -4 2465 26 22 0
a 2343 -3103 -1591 8 -4 -2465 -26 -5 0
a 2343 -3103 -1591 8 -4 -2465 -26 5 0
a 2343 -3103 -1591 8 -4 -2465 26 -5 0
a 2343 -3103 -1591 8 -4 -2465 26 5 -11 0
a 2343 -3103 -1591 8 -4 -2465 26 5 11 0
a 2343 -3103 -1591 8 4 -2289 -22 -17 0
a 2343 -3103 -1591 8 4 -2289 -22 17 0
a 2343 -3103 -1591 8 4 -2289 22 -1537 0
a 2343 -3103 -1591 8 4 -2289 22 1537 -17 0
a 2343 -3103 -1591 8 4 -2289 22 1537 17 -14 0
a 2343 -3103 -1591 8 4 -2289 22 1537 17 14 0
a 2343 -3103 -1591 8 4 2289 -22 -26 0
a 2343 -3103 -1591 8 4 2289 -22 26 -14 0
a 2343 -3103 -1591 8 4 2289 -22 26 14 0
a 2343 -3103 -1591 8 4 2289 22 -1537 -11 0
a 2343 -3103 -1591 8 4 2289 22 -1537 11 0
a 2343 -3103 -1591 8 4 2289 22 1537 -26 0
a 2343 -3103 -1591 8 4 2289 22 1537 26 3074 0
a 2343 -3103 -1591 8 4 2289 22 1537 26 -3074 0
a 2343 -3103 1591 -16 2465 3175 -22 0
a 2343 -3103 1591 -16 2465 3175 22 0
a 2343 -3103 1591 -16 2465 -3175 -22 0
a 2343 -3103 1591 -16 2465 -3175 22 -1537 0
a 2343 -3103 1591 -16 2465 -3175 22 1537 0
a 2343 -3103 1591 -16 -2465 -17 -22 0
a 2343 -3103 1591 -16 -2465 -17 22 0
a 2343 -3103 1591 -16 -2465 17 -14 -22 0
a 2343 -3103 1591 -16 -2465 17 -14 22 0
a 2343 -3103 1591 -16 -2465 17 14 -22 -23 0
a 2343 -3103 1591 -16 -2465 17 14 -22 23 0
a 2343 -3103 1591 -16 -2465 17 14 22 -3135 0
a 2343 -3103 1591 -16 -2465 17 14 22 3135 -1537 0
a 2343 -3103 1591 -16 -2465 17 14 22 3135 1537 0
a 2343 -3103 1591 16 -2289 -10 1713 0
a 2343 -3103 1591 16 -2289 -10 -1713 -5 0
a 2343 -3103 1591 16 -2289 -10 -1713 5 -11 0
a 2343 -3103 1591 16 -2289 -10 -1713 5 11 0
a 2343 -3103 1591 16 -2289 10 -1537 3175 0
a 2343 -3103 1591 16 -2289 10 -1537 -3175 0
a 2343 -3103 1591 16 -2289 10 1537 3175 0
a 2343 -3103 1591 16 -2289 10 1537 -3175 -5 0
a 2343 -3103 1591 16 -2289 10 1537 -3175 5 0
a 2343 -3103 1591 16 2289 -22 1713 3175 0
a 2343 -3103 1591 16 2289 -22 1713 -3175 0
a 2343 -3103 1591 16 2289 -22 -1713 3175 0
a 2343 -3103 1591 16 2289 -22 -1713 -3175 -23 0
a 2343 -3103 1591 16 2289 -22 -1713 -3175 23 0
a 2343 -3103 1591 16 2289 22 -1537 3175 0
a 2343 -3103 1591 16 2289 22 -1537 -3175 -11 0
a 2343 -3103 1591 16 2289 22 -1537 -3175 11 -8 0
a 2343 -3103 1591 16 2289 22 -1537 -3175 11 8 0
a 2343 -3103 1591 16 2289 22 1537 3175 -15 0
a 2343 -3103 1591 16 2289 22 1537 3175 15 0
a 2343 -3103 1591 16 2289 22 1537 -3175 -14 0
a 2343 -3103 1591 16 2289 22 1537 -3175 14 3135 0
a 2343 -3103 1591 16 2289 22 1537 -3175 14 -3135 0
a -2343 13 -26 2865 0
a -2343 13 -26 -2865 3103 -3470 0
a -2343 13 -26 -2865 3103 3470 -115 0
a -2343 13 -26 -2865 3103 3470 115 0
a -2343 13 -26 -2865 -3103 -1591 0
a -2343 13 -26 -2865 -3103 1591 -10 0
a -2343 13 -26 -2865 -3103 1591 10 -1537 0
a -2343 13 -26 -2865 -3103 1591 10 1537 0
a -2343 13 26 3103 -3470 -8 0
a -2343 13 26 3103 -3470 8 -116 0
a -2343 13 26 3103 -3470 8 116 0
a -2343 13 26 3103 3470 -115 -21 0
a -2343 13 26 3103 3470 -115 21 -15 0
a -2343 13 26 3103 3470 -115 21 15 0
a -2343 13 26 3103 3470 115 2426 -2347 0
a -2343 13 26 3103 3470 115 2426 2347 -17 0
a -2343 13 26 3103 3470 115 2426 2347 17 0
a -2343 13 26 3103 3470 115 -2426 -2289 0
a -2343 13 26 3103 3470 115 -2426 2289 -2347 0
a -2343 13 26 3103 3470 115 -2426 2289 2347 -116 0
a -2343 13 26 3103 3470 115 -2426 2289 2347 116 0
a -2343 13 26 -3103 -1591 -104 4634 0
a -2343 13 26 -3103 -1591 -104 -4634 0
a -2343 13 26 -3103 -1591 104 -140 0
a -2343 13 26 -3103 -1591 104 140 -1537 0
a -2343 13 26 -3103 -1591 104 140 1537 0
a -2343 13 26 -3103 1591 -139 1713 -67 0
a -2343 13 26 -3103 1591 -139 1713 67 0
a -2343 13 26 -3103 1591 -139 -1713 -67 -151 0
a -2343 13 26 -3103 1591 -139 -1713 -67 151 0
a -2343 13 26 -3103 1591 -139 -1713 67 -2289 0
a -2343 13 26 -3103 1591 -139 -1713 67 2289 -151 0
a -2343 13 26 -3103 1591 -139 -1713 67 2289 151 0
a -2343 13 26 -3103 1591 139 -1537 -5 -28 0
a -2343 13 26 -3103 1591 139 -1537 -5 28 -2289 0
a -2343 13 26 -3103 1591 139 -1537 -5 28 2289 0
a -2343 13 26 -3103 1591 139 -1537 5 -28 0
a -2343 13 26 -3103 1591 139 -1537 5 28 -2289 0
a -2343 13 26 -3103 1591 139 -1537 5 28 2289 0
a -2343 13 26 -3103 1591 139 1537 -67 -2465 0
a -2343 13 26 -3103 1591 139 1537 -67 2465 -17 0
a -2343 13 26 -3103 1591 139 1537 -67 2465 17 0
a -2343 13 26 -3103 1591 139 1537 67 -2289 0
a -2343 13 26 -3103 1591 139 1537 67 2289 -104 0
a -2343 13 26 -3103 1591 139 1537 67 2289 104 3074 0
a -2343 13 26 -3103 1591 139 1537 67 2289 104 -3074 0
a -2343 -13 -19 -16 -22 3135 0
a -2343 -13 -19 -16 -22 -3135 0
a -2343 -13 -19 -16 22 -1537 -1713 0
a -2343 -13 -19 -16 22 -1537 1713 -115 0
a -2343 -13 -19 -16 22 -1537 1713 115 0
a -2343 -13 -19 -16 22 1537 -7 0
a -2343 -13 -19 -16 22 1537 7 -20 0
a -2343 -13 -19 -16 22 1537 7 20 -14 0
a -2343 -13 -19 -16 22 1537 7 20 14 0
a -2343 -13 -19 16 -2289 -1 -7 0
a -2343 -13 -19 16 -2289 -1 7 0
a -2343 -13 -19 16 -2289 1 -14 0
a -2343 -13 -19 16 -2289 1 14 3106 0
a -2343 -13 -19 16 -2289 1 14 -3106 7 0
a -2343 -13 -19 16 -2289 1 14 -3106 -7 0
a -2343 -13 -19 16 2289 -1 -7 0
a -2343 -13 -19 16 2289 -1 7 -115 0
a -2343 -13 -19 16 2289 -1 7 115 -14 0
a -2343 -13 -19 16 2289 -1 7 115 14 0
a -2343 -13 -19 16 2289 1 -14 2865 0
a -2343 -13 -19 16 2289 1 -14 -2865 -18 0
a -2343 -13 -19 16 2289 1 -14 -2865 18 0
a -2343 -13 -19 16 2289 1 14 -112 -7 0
a -2343 -13 -19 16 2289 1 14 -112 7 0
a -2343 -13 -19 16 2289 1 14 112 7 0
a -2343 -13 -19 16 2289 1 14 112 -7 0
a -2343 -13 19 -1591 -104 4634 0
a -2343 -13 19 -1591 -104 -4634 -3470 0
a -2343 -13 19 -1591 -104 -4634 3470 -14 0
a -2343 -13 19 -1591 -104 -4634 3470 14 -12 0
a -2343 -13 19 -1591 -104 -4634 3470 14 12 -4 0
a -2343 -13 19 -1591 -104 -4634 3470 14 12 4 0
a -2343 -13 19 -1591 104 -3470 3044 0
a -2343 -13 19 -1591 104 -3470 -3044 -14 0
a -2343 -13 19 -1591 104 -3470 -3044 14 0
a -2343 -13 19 -1591 104 3470 -14 2865 0
a -2343 -13 19 -1591 104 3470 -14 -2865 -11 0
a -2343 -13 19 -1591 104 3470 -14 -2865 11 0
a -2343 -13 19 -1591 104 3470 14 1674 -4 0
a -2343 -13 19 -1591 104 3470 14 1674 4 -2289 0
a -2343 -13 19 -1591 104 3470 14 1674 4 2289 -2347 0
a -2343 -13 19 -1591 104 3470 14 1674 4 2289 2347 0
a -2343 -13 19 -1591 104 3470 14 -1674 -1537 -11 0
a -2343 -13 19 -1591 104 3470 14 -1674 -1537 11 0
a -2343 -13 19 -1591 104 3470 14 -1674 1537 -4 -2347 0
a -2343 -13 19 -1591 104 3470 14 -1674 1537 -4 2347 0
a -2343 -13 19 -1591 104 3470 14 -1674 1537 4 -2289 0
a -2343 -13 19 -1591 104 3470 14 -1674 1537 4 2289 -2347 0
a -2343 -13 19 -1591 104 3470 14 -1674 1537 4 2289 2347 0
a -2343 -13 19 1591 4684 -139 1713 0
a -2343 -13 19 1591 4684 -139 -1713 -151 0
a -2343 -13 19 1591 4684 -139 -1713 151 2289 0
a -2343 -13 19 1591 4684 -139 -1713 151 -2289 0
a -2343 -13 19 1591 4684 139 -1537 2289 -11 0
a -2343 -13 19 1591 4684 139 -1537 2289 11 0
a -2343 -13 19 1591 4684 139 -1537 -2289 4 0
a -2343 -13 19 1591 4684 139 -1537 -2289 -4 0
a -2343 -13 19 1591 4684 139 1537 2289 3175 0
a -2343 -13 19 1591 4684 139 1537 2289 -3175 0
a -2343 -13 19 1591 4684 139 1537 -2289 4 0
a -2343 -13 19 1591 4684 139 1537 -2289 -4 0
a -2343 -13 19 1591 -4684 -14 2865 0
a -2343 -13 19 1591 -4684 -14 -2865 -139 -18 0
a -2343 -13 19 1591 -4684 -14 -2865 -139 18 0
a -2343 -13 19 1591 -4684 -14 -2865 139 -1537 0
a -2343 -13 19 1591 -4684 -14 -2865 139 1537 -18 0
a -2343 -13 19 1591 -4684 -14 -2865 139 1537 18 0
a -2343 -13 19 1591 -4684 14 -139 1713 -4 0
a -2343 -13 19 1591 -4684 14 -139 1713 4 0
a -2343 -13 19 1591 -4684 14 -139 -1713 -17 -61 0
a -2343 -13 19 1591 -4684 14 -139 -1713 -17 61 0
a -2343 -13 19 1591 -4684 14 -139 -1713 17 -151 0
a -2343 -13 19 1591 -4684 14 -139 -1713 17 151 -115 0
a -2343 -13 19 1591 -4684 14 -139 -1713 17 151 115 0
a -2343 -13 19 1591 -4684 14 139 -1537 -4 -2465 0
a -2343 -13 19 1591 -4684 14 139 -1537 -4 2465 0
a -2343 -13 19 1591 -4684 14 139 -1537 4 -2289 0
a -2343 -13 19 1591 -4684 14 139 -1537 4 2289 -17 0
a -2343 -13 19 1591 -4684 14 139 -1537 4 2289 17 -11 0
a -2343 -13 19 1591 -4684 14 139 -1537 4 2289 17 11 0
a -2343 -13 19 1591 -4684 14 139 1537 -4 -2465 0
a -2343 -13 19 1591 -4684 14 139 1537 -4 2465 -5 0
a -2343 -13 19 1591 -4684 14 139 1537 -4 2465 5 0
a -2343 -13 19 1591 -4684 14 139 1537 4 -2289 0
a -2343 -13 19 1591 -4684 14 139 1537 4 2289 -17 0
a -2343 -13 19 1591 -4684 14 139 1537 4 2289 17 -115 0
a -2343 -13 19 1591 -4684 14 139 1537 4 2289 17 115 0
